P_00001 1 0.001211 0 0 0 0 0 0
P_00001 1 0.001019 0 0 0 0 0 0
P_00004 0 0.001137 0 0 0 0 0 0
P_00004 0 0.001257 0 0 0 0 0 0
P_00004 0 0.00105 0 0 0 0 0 0
P_00009 1 0.000989 0 0 0 0 0 0
P_00009 1 0.000952 0 0 0 0 0 0
P_00015 1 0.001352 0 0 0 0 0 0
P_00018 0 0.000933 0 0 0 0 0 0
P_00018 0 0.001038 0 0 0 0 0 0
P_00021 0 0.00098 0 0 0 0 0 0
P_00021 0 0.001084 0 0 0 0 0 0
P_00021 0 0.001154 0 0 0 0 0 0
P_00021 0 0.001633 0 0 0 0 0 0
P_00023 1 0.002093 0 0 0 0 0 0
P_00023 1 0.001371 0 0 0 0 0 0
P_00026 0 0.001209 0 0 0 0 0 0
P_00026 0 0.00099 0 0 0 0 0 0
P_00027 0 0.000969 0 0 0 0 0 0
P_00027 0 0.000968 0 0 0 0 0 0
P_00034 1 0.000854 0 0 0 0 0 0
P_00034 1 0.000968 0 0 0 0 0 0
P_00039 1 0.000841 0 0 0 0 0 0
P_00039 1 0.000864 0 0 0 0 0 0
P_00041 0 0.001359 0 0 0 0 0 0
P_00041 0 0.001196 0 0 0 0 0 0
P_00044 0 0.00146 0 0 0 0 0 0
P_00044 0 0.001097 0 0 0 0 0 0
P_00044 0 0.000831 0 0 0 0 0 0
P_00044 0 0.001081 0 0 0 0 0 0
P_00044 0 0.001197 0 0 0 0 0 0
P_00044 0 0.001381 0 0 0 0 0 0
P_00045 1 0.00095 0 0 0 0 0 0
P_00045 1 0.001059 0 0 0 0 0 0
P_00046 1 0.000926 0 0 0 0 0 0
P_00051 1 0.000955 0 0 0 0 0 0
P_00051 1 0.000983 0 0 0 0 0 0
P_00054 0 0.000973 0 0 0 0 0 0
P_00055 0 0.001324 0 0 0 0 0 0
P_00057 1 0.001227 0 0 0 0 0 0
P_00057 1 0.001444 0 0 0 0 0 0
P_00058 1 0.00119 0 0 0 0 0 0
P_00059 1 0.001283 0 0 0 0 0 0
P_00059 1 0.001424 0 0 0 0 0 0
P_00061 0 0.001168 0 0 0 0 0 0
P_00061 0 0.000956 0 0 0 0 0 0
P_00064 0 0.00096 0 0 0 0 0 0
P_00065 0 0.001101 0 0 0 0 0 0
P_00065 0 0.000953 0 0 0 0 0 0
P_00068 1 0.000899 0 0 0 0 0 0
P_00068 1 0.00173 0 0 0 0 0 0
P_00074 1 0.001005 0 0 0 0 0 0
P_00074 1 0.001655 0 0 0 0 0 0
P_00074 1 0.001556 0 0 0 0 0 0
P_00076 0 0.001014 0 0 0 0 0 0
P_00076 0 0.000997 0 0 0 0 0 0
P_00079 1 0.001319 0 0 0 0 0 0
P_00079 1 0.001187 0 0 0 0 0 0
P_00080 1 0.001114 0 0 0 0 0 0
P_00080 1 0.001553 0 0 0 0 0 0
P_00081 0 0.000941 0 0 0 0 0 0
P_00081 0 0.001128 0 0 0 0 0 0
P_00086 1 0.00105 0 0 0 0 0 0
P_00086 1 0.001271 0 0 0 0 0 0
P_00090 0 0.000985 0 0 0 0 0 0
P_00090 0 0.001092 0 0 0 0 0 0
P_00092 1 0.000947 0 0 0 0 0 0
P_00092 1 0.000944 0 0 0 0 0 0
P_00092 1 0.001643 0 0 0 0 0 0
P_00092 1 0.00184 0.000001 0 0 0 0 0
P_00092 1 0.001368 0 0 0 0 0 0
P_00092 1 0.000994 0 0 0 0 0 0
P_00094 0 0.000977 0 0 0 0 0 0
P_00094 0 0.000891 0 0 0 0 0 0
P_00095 1 0.000926 0 0 0 0 0 0
P_00095 1 0.000909 0 0 0 0 0 0
P_00096 0 0.002129 0 0 0 0 0 0
P_00096 0 0.001136 0 0 0 0 0 0
P_00106 0 0.001345 0 0 0 0 0 0
P_00106 0 0.002925 0.000004 0 0 0 0 0
P_00106 0 0.001051 0 0 0 0 0 0
P_00106 0 0.004038 0 0 0 0 0 0
P_00106 0 0.001405 0 0 0 0 0 0
P_00106 0 0.001335 0 0 0 0 0 0
P_00106 0 0.000967 0 0 0 0 0 0
P_00106 0 0.001325 0 0 0 0 0 0
P_00106 0 0.000892 0 0 0 0 0 0
P_00106 0 0.00134 0 0 0 0 0 0
P_00106 0 0.001954 0 0 0 0 0 0
P_00106 0 0.001057 0 0 0 0 0 0
P_00106 0 0.002055 0.000001 0 0 0 0 0
P_00106 0 0.001492 0 0 0 0 0 0
P_00107 0 0.001077 0 0 0 0 0 0
P_00108 0 0.001399 0 0 0 0 0 0
P_00108 0 0.001306 0 0 0 0 0 0
P_00109 0 0.001088 0 0 0 0 0 0
P_00110 1 0.001003 0 0 0 0 0 0
P_00110 1 0.000987 0 0 0 0 0 0
P_00110 1 0.001024 0 0 0 0 0 0
P_00117 0 0.000918 0 0 0 0 0 0
P_00119 0 0.001019 0 0 0 0 0 0
P_00119 0 0.000922 0 0 0 0 0 0
P_00120 0 0.000807 0 0 0 0 0 0
P_00120 0 0.000756 0 0 0 0 0 0
P_00122 0 0.001051 0 0 0 0 0 0
P_00128 1 0.001597 0 0 0 0 0 0
P_00133 1 0.001009 0 0 0 0 0 0
P_00133 1 0.000918 0 0 0 0 0 0
P_00134 1 0.000979 0 0 0 0 0 0
P_00134 1 0.000933 0 0 0 0 0 0
P_00137 0 0.001107 0 0 0 0 0 0
P_00137 0 0.000974 0 0 0 0 0 0
P_00146 1 0.001232 0 0 0 0 0 0
P_00146 1 0.001633 0 0 0 0 0 0
P_00148 1 0.000769 0 0 0 0 0 0
P_00148 1 0.001011 0 0 0 0 0 0
P_00149 1 0.001216 0 0 0 0 0 0
P_00149 1 0.000882 0 0 0 0 0 0
P_00160 1 0.001365 0 0 0 0 0 0
P_00160 1 0.001214 0 0 0 0 0 0
P_00160 0 0.00134 0 0 0 0 0 0
P_00160 0 0.001253 0 0 0 0 0 0
P_00166 0 0.001477 0 0 0 0 0 0
P_00166 0 0.001299 0 0 0 0 0 0
P_00169 0 0.001196 0 0 0 0 0 0
P_00172 1 0.000943 0 0 0 0 0 0
P_00172 1 0.000825 0 0 0 0 0 0
P_00174 1 0.000898 0 0 0 0 0 0
P_00174 1 0.000907 0 0 0 0 0 0
P_00175 1 0.00083 0 0 0 0 0 0
P_00175 1 0.000884 0 0 0 0 0 0
P_00187 0 0.00276 0 0 0 0 0 0
P_00187 0 0.001232 0 0 0 0 0 0
P_00190 1 0.00094 0 0 0 0 0 0
P_00199 1 0.001397 0 0 0 0 0 0
P_00199 1 0.001099 0 0 0 0 0 0
P_00205 0 0.001076 0 0 0 0 0 0
P_00205 0 0.000969 0 0 0 0 0 0
P_00206 0 0.001452 0 0 0 0 0 0
P_00207 1 0.002302 0 0 0 0 0 0
P_00207 1 0.001072 0 0 0 0 0 0
P_00207 1 0.001043 0 0 0 0 0 0
P_00207 1 0.001064 0 0 0 0 0 0
P_00207 1 0.001628 0 0 0 0 0 0
P_00207 1 0.000904 0 0 0 0 0 0
P_00208 0 0.001258 0 0 0 0 0 0
P_00215 0 0.001114 0 0 0 0 0 0
P_00217 1 0.001138 0 0 0 0 0 0
P_00218 1 0.001159 0 0 0 0 0 0
P_00218 1 0.001807 0 0 0 0 0 0
P_00219 0 0.001128 0 0 0 0 0 0
P_00221 0 0.001232 0 0 0 0 0 0
P_00224 0 0.001149 0 0 0 0 0 0
P_00224 0 0.001032 0 0 0 0 0 0
P_00224 0 0.000835 0 0 0 0 0 0
P_00224 0 0.00103 0 0 0 0 0 0
P_00225 0 0.000897 0 0 0 0 0 0
P_00225 0 0.001346 0 0 0 0 0 0
P_00226 1 0.001254 0 0 0 0 0 0
P_00226 1 0.000801 0 0 0 0 0 0
P_00229 0 0.000989 0 0 0 0 0 0
P_00229 0 0.001175 0 0 0 0 0 0
P_00231 0 0.000838 0 0 0 0 0 0
P_00231 0 0.001103 0 0 0 0 0 0
P_00234 0 0.000999 0 0 0 0 0 0
P_00235 1 0.001526 0 0 0 0 0 0
P_00235 1 0.001921 0 0 0 0 0 0
P_00236 1 0.001904 0.000001 0 0 0 0 0
P_00239 0 0.001191 0 0 0 0 0 0
P_00239 0 0.000951 0 0 0 0 0 0
P_00240 1 0.000915 0 0 0 0 0 0
P_00240 1 0.000909 0 0 0 0 0 0
P_00241 1 0.001077 0 0 0 0 0 0
P_00241 1 0.001049 0 0 0 0 0 0
P_00242 0 0.000896 0 0 0 0 0 0
P_00242 0 0.000891 0 0 0 0 0 0
P_00247 0 0.000924 0 0 0 0 0 0
P_00247 0 0.000955 0 0 0 0 0 0
P_00248 1 0.000904 0 0 0 0 0 0
P_00254 1 0.001189 0 0 0 0 0 0
P_00254 1 0.001024 0 0 0 0 0 0
P_00259 1 0.001302 0 0 0 0 0 0
P_00259 1 0.001369 0 0 0 0 0 0
P_00264 1 0.00101 0 0 0 0 0 0
P_00264 1 0.001135 0 0 0 0 0 0
P_00265 1 0.000819 0 0 0 0 0 0
P_00265 1 0.000881 0 0 0 0 0 0
P_00273 0 0.000977 0 0 0 0 0 0
P_00279 0 0.001003 0 0 0 0 0 0
P_00281 0 0.001284 0 0 0 0 0 0
P_00283 1 0.001019 0 0 0 0 0 0
P_00283 1 0.000962 0 0 0 0 0 0
P_00287 1 0.000824 0 0 0 0 0 0
P_00287 1 0.001343 0 0 0 0 0 0
P_00289 0 0.002721 0.000001 0 0 0 0 0
P_00289 0 0.001234 0 0 0 0 0 0
P_00294 0 0.001236 0 0 0 0 0 0
P_00294 0 0.001037 0 0 0 0 0 0
P_00298 0 0.001113 0 0 0 0 0 0
P_00298 0 0.001051 0 0 0 0 0 0
P_00303 0 0.00122 0 0 0 0 0 0
P_00303 0 0.000904 0 0 0 0 0 0
P_00303 0 0.00147 0 0 0 0 0 0
P_00303 0 0.0011 0 0 0 0 0 0
P_00304 0 0.001427 0 0 0 0 0 0
P_00309 0 0.001327 0 0 0 0 0 0
P_00309 0 0.001103 0 0 0 0 0 0
P_00309 0 0.001322 0 0 0 0 0 0
P_00309 0 0.001173 0 0 0 0 0 0
P_00313 1 0.000938 0 0 0 0 0 0
P_00313 1 0.000975 0 0 0 0 0 0
P_00314 1 0.000758 0 0 0 0 0 0
P_00314 1 0.000735 0 0 0 0 0 0
P_00317 1 0.001136 0 0 0 0 0 0
P_00319 1 0.001613 0 0 0 0 0 0
P_00319 1 0.000964 0 0 0 0 0 0
P_00320 0 0.001006 0 0 0 0 0 0
P_00320 0 0.001136 0 0 0 0 0 0
P_00328 0 0.001513 0 0 0 0 0 0
P_00328 1 0.001511 0 0 0 0 0 0
P_00328 1 0.00113 0 0 0 0 0 0
P_00328 1 0.001414 0 0 0 0 0 0
P_00328 1 0.00108 0 0 0 0 0 0
P_00330 0 0.001032 0 0 0 0 0 0
P_00330 0 0.000997 0 0 0 0 0 0
P_00332 0 0.000998 0 0 0 0 0 0
P_00332 0 0.001074 0 0 0 0 0 0
P_00332 0 0.00111 0 0 0 0 0 0
P_00332 0 0.000973 0 0 0 0 0 0
P_00333 0 0.001163 0 0 0 0 0 0
P_00333 0 0.001188 0 0 0 0 0 0
P_00334 0 0.00087 0 0 0 0 0 0
P_00335 1 0.000889 0 0 0 0 0 0
P_00342 0 0.001085 0 0 0 0 0 0
P_00342 0 0.001148 0 0 0 0 0 0
P_00342 0 0.001257 0 0 0 0 0 0
P_00342 0 0.001634 0 0 0 0 0 0
P_00348 0 0.001136 0 0 0 0 0 0
P_00348 0 0.00118 0 0 0 0 0 0
P_00351 0 0.000925 0 0 0 0 0 0
P_00351 0 0.000991 0 0 0 0 0 0
P_00354 1 0.000976 0 0 0 0 0 0
P_00354 1 0.000994 0 0 0 0 0 0
P_00356 1 0.001443 0 0 0 0 0 0
P_00361 1 0.001 0 0 0 0 0 0
P_00363 1 0.001467 0 0 0 0 0 0
P_00363 1 0.001475 0 0 0 0 0 0
P_00366 0 0.001686 0 0 0 0 0 0
P_00366 0 0.001249 0 0 0 0 0 0
P_00370 1 0.001224 0 0 0 0 0 0
P_00370 1 0.001297 0 0 0 0 0 0
P_00376 0 0.001032 0 0 0 0 0 0
P_00376 0 0.001152 0 0 0 0 0 0
P_00376 0 0.001012 0 0 0 0 0 0
P_00376 0 0.001342 0 0 0 0 0 0
P_00376 0 0.001242 0 0 0 0 0 0
P_00383 1 0.00088 0 0 0 0 0 0
P_00384 0 0.001063 0 0 0 0 0 0
P_00384 0 0.000967 0 0 0 0 0 0
P_00385 0 0.000961 0 0 0 0 0 0
P_00385 0 0.001215 0 0 0 0 0 0
P_00386 1 0.001665 0 0 0 0 0 0
P_00386 1 0.001817 0 0 0 0 0 0
P_00389 0 0.000794 0 0 0 0 0 0
P_00396 1 0.001304 0 0 0 0 0 0
P_00396 1 0.001079 0 0 0 0 0 0
P_00399 1 0.001901 0 0 0 0 0 0
P_00399 1 0.001022 0 0 0 0 0 0
P_00401 0 0.001122 0 0 0 0 0 0
P_00401 0 0.00118 0 0 0 0 0 0
P_00406 1 0.000858 0 0 0 0 0 0
P_00406 1 0.000963 0 0 0 0 0 0
P_00408 1 0.00076 0 0 0 0 0 0
P_00408 1 0.000807 0 0 0 0 0 0
P_00411 0 0.001019 0 0 0 0 0 0
P_00411 0 0.001477 0 0 0 0 0 0
P_00412 0 0.00094 0 0 0 0 0 0
P_00412 0 0.000979 0 0 0 0 0 0
P_00413 1 0.00101 0 0 0 0 0 0
P_00413 1 0.000899 0 0 0 0 0 0
P_00414 1 0.001291 0 0 0 0 0 0
P_00414 1 0.001003 0 0 0 0 0 0
P_00415 1 0.001674 0 0 0 0 0 0
P_00415 1 0.00121 0 0 0 0 0 0
P_00417 0 0.000977 0 0 0 0 0 0
P_00417 0 0.000786 0 0 0 0 0 0
P_00419 0 0.000952 0 0 0 0 0 0
P_00419 1 0.001013 0 0 0 0 0 0
P_00419 1 0.000942 0 0 0 0 0 0
P_00419 0 0.001153 0 0 0 0 0 0
P_00419 0 0.000935 0 0 0 0 0 0
P_00419 0 0.001783 0 0 0 0 0 0
P_00420 1 0.001139 0 0 0 0 0 0
P_00420 1 0.001262 0 0 0 0 0 0
P_00420 1 0.001145 0 0 0 0 0 0
P_00420 1 0.0013 0 0 0 0 0 0
P_00421 0 0.001068 0 0 0 0 0 0
P_00421 0 0.001546 0 0 0 0 0 0
P_00423 1 0.000937 0 0 0 0 0 0
P_00426 0 0.001033 0 0 0 0 0 0
P_00426 0 0.001009 0 0 0 0 0 0
P_00427 0 0.001008 0 0 0 0 0 0
P_00428 0 0.000844 0 0 0 0 0 0
P_00430 0 0.000889 0 0 0 0 0 0
P_00430 0 0.001046 0 0 0 0 0 0
P_00431 0 0.000953 0 0 0 0 0 0
P_00431 0 0.001064 0 0 0 0 0 0
P_00432 1 0.001377 0 0 0 0 0 0
P_00432 1 0.000983 0 0 0 0 0 0
P_00432 1 0.001273 0 0 0 0 0 0
P_00432 1 0.001079 0 0 0 0 0 0
P_00435 1 0.000835 0 0 0 0 0 0
P_00436 0 0.000951 0 0 0 0 0 0
P_00436 0 0.001152 0 0 0 0 0 0
P_00437 0 0.001043 0 0 0 0 0 0
P_00437 0 0.000949 0 0 0 0 0 0
P_00439 1 0.001303 0 0 0 0 0 0
P_00439 1 0.001035 0 0 0 0 0 0
P_00440 1 0.000929 0 0 0 0 0 0
P_00441 0 0.001134 0 0 0 0 0 0
P_00442 0 0.000978 0 0 0 0 0 0
P_00442 0 0.000976 0 0 0 0 0 0
P_00444 1 0.001184 0 0 0 0 0 0
P_00444 1 0.001515 0 0 0 0 0 0
P_00450 1 0.001042 0 0 0 0 0 0
P_00450 1 0.000919 0 0 0 0 0 0
P_00451 0 0.001063 0 0 0 0 0 0
P_00451 0 0.001072 0 0 0 0 0 0
P_00453 0 0.000956 0 0 0 0 0 0
P_00453 0 0.001019 0 0 0 0 0 0
P_00454 0 0.001032 0 0 0 0 0 0
P_00454 0 0.001062 0 0 0 0 0 0
P_00462 0 0.000846 0 0 0 0 0 0
P_00462 0 0.000928 0 0 0 0 0 0
P_00465 1 0.001491 0 0 0 0 0 0
P_00465 1 0.000979 0 0 0 0 0 0
P_00468 0 0.001219 0 0 0 0 0 0
P_00468 0 0.001388 0.000001 0 0 0 0 0
P_00471 1 0.000904 0 0 0 0 0 0
P_00471 1 0.000879 0 0 0 0 0 0
P_00475 0 0.001045 0 0 0 0 0 0
P_00475 0 0.001216 0 0 0 0 0 0
P_00484 1 0.000846 0 0 0 0 0 0
P_00487 0 0.001501 0 0 0 0 0 0
P_00487 0 0.001152 0 0 0 0 0 0
P_00488 0 0.000943 0 0 0 0 0 0
P_00488 0 0.001344 0 0 0 0 0 0
P_00492 0 0.000959 0 0 0 0 0 0
P_00495 0 0.000736 0 0 0 0 0 0
P_00495 0 0.000897 0 0 0 0 0 0
P_00496 0 0.001239 0 0 0 0 0 0
P_00496 0 0.001033 0 0 0 0 0 0
P_00499 0 0.001183 0 0 0 0 0 0
P_00499 0 0.001132 0 0 0 0 0 0
P_00504 1 0.001058 0 0 0 0 0 0
P_00506 0 0.001239 0 0 0 0 0 0
P_00509 0 0.001164 0 0 0 0 0 0
P_00509 0 0.001228 0 0 0 0 0 0
P_00512 0 0.000971 0 0 0 0 0 0
P_00512 0 0.001074 0 0 0 0 0 0
P_00515 0 0.000938 0 0 0 0 0 0
P_00515 0 0.000873 0 0 0 0 0 0
P_00515 0 0.000916 0 0 0 0 0 0
P_00517 0 0.001018 0 0 0 0 0 0
P_00517 0 0.001015 0 0 0 0 0 0
P_00518 0 0.001521 0 0 0 0 0 0
P_00518 0 0.001546 0 0 0 0 0 0
P_00519 1 0.000984 0 0 0 0 0 0
P_00519 1 0.001009 0 0 0 0 0 0
P_00522 0 0.00095 0 0 0 0 0 0
P_00526 1 0.000983 0 0 0 0 0 0
P_00526 1 0.001047 0 0 0 0 0 0
P_00528 0 0.000931 0 0 0 0 0 0
P_00528 0 0.000978 0 0 0 0 0 0
P_00528 0 0.000801 0 0 0 0 0 0
P_00528 0 0.001161 0 0 0 0 0 0
P_00532 0 0.000951 0 0 0 0 0 0
P_00534 0 0.000873 0 0 0 0 0 0
P_00534 0 0.00094 0 0 0 0 0 0
P_00535 0 0.001497 0 0 0 0 0 0
P_00539 1 0.000854 0 0 0 0 0 0
P_00539 1 0.000809 0 0 0 0 0 0
P_00540 1 0.001107 0 0 0 0 0 0
P_00540 1 0.001114 0 0 0 0 0 0
P_00543 1 0.001193 0 0 0 0 0 0
P_00543 1 0.001865 0 0 0 0 0 0
P_00545 1 0.001123 0 0 0 0 0 0
P_00549 0 0.001471 0 0 0 0 0 0
P_00549 0 0.00144 0 0 0 0 0 0
P_00550 0 0.000807 0 0 0 0 0 0
P_00553 1 0.001249 0 0 0 0 0 0
P_00553 1 0.001356 0 0 0 0 0 0
P_00554 1 0.001284 0 0 0 0 0 0
P_00554 1 0.001392 0 0 0 0 0 0
P_00559 0 0.001467 0 0 0 0 0 0
P_00559 0 0.001237 0 0 0 0 0 0
P_00560 0 0.000996 0 0 0 0 0 0
P_00564 1 0.001211 0 0 0 0 0 0
P_00566 1 0.000937 0 0 0 0 0 0
P_00566 1 0.000896 0 0 0 0 0 0
P_00568 1 0.000735 0 0 0 0 0 0
P_00568 1 0.000728 0 0 0 0 0 0
P_00569 0 0.001243 0 0 0 0 0 0
P_00569 0 0.000917 0 0 0 0 0 0
P_00572 0 0.000885 0 0 0 0 0 0
P_00572 0 0.00092 0 0 0 0 0 0
P_00573 1 0.001012 0 0 0 0 0 0
P_00573 1 0.001007 0 0 0 0 0 0
P_00575 1 0.001031 0 0 0 0 0 0
P_00577 1 0.001082 0 0 0 0 0 0
P_00577 1 0.001451 0 0 0 0 0 0
P_00581 1 0.001267 0 0 0 0 0 0
P_00584 1 0.001084 0 0 0 0 0 0
P_00586 1 0.000916 0 0 0 0 0 0
P_00586 1 0.001158 0 0 0 0 0 0
P_00586 1 0.001001 0 0 0 0 0 0
P_00592 0 0.001018 0 0 0 0 0 0
P_00592 0 0.001155 0 0 0 0 0 0
P_00596 0 0.000954 0 0 0 0 0 0
P_00596 0 0.000996 0 0 0 0 0 0
P_00596 1 0.001771 0.000001 0 0 0 0 0
P_00596 1 0.001137 0 0 0 0 0 0
P_00597 0 0.000989 0 0 0 0 0 0
P_00604 1 0.000871 0 0 0 0 0 0
P_00604 1 0.00091 0 0 0 0 0 0
P_00605 1 0.000907 0 0 0 0 0 0
P_00607 1 0.00145 0 0 0 0 0 0
P_00607 1 0.00149 0 0 0 0 0 0
P_00611 0 0.001141 0 0 0 0 0 0
P_00611 0 0.000976 0 0 0 0 0 0
P_00616 1 0.001041 0 0 0 0 0 0
P_00617 0 0.000986 0 0 0 0 0 0
P_00622 0 0.002516 0 0 0 0 0 0
P_00626 0 0.000949 0 0 0 0 0 0
P_00626 0 0.000982 0 0 0 0 0 0
P_00630 0 0.001308 0 0 0 0 0 0
P_00630 0 0.001058 0 0 0 0 0 0
P_00634 0 0.001529 0 0 0 0 0 0
P_00634 0 0.000815 0 0 0 0 0 0
P_00634 0 0.00099 0 0 0 0 0 0
P_00634 0 0.000982 0 0 0 0 0 0
P_00634 1 0.000999 0 0 0 0 0 0
P_00637 1 0.001139 0 0 0 0 0 0
P_00640 0 0.001071 0 0 0 0 0 0
P_00640 0 0.000962 0 0 0 0 0 0
P_00644 1 0.001071 0 0 0 0 0 0
P_00644 1 0.000869 0 0 0 0 0 0
P_00648 1 0.001104 0 0 0 0 0 0
P_00648 1 0.001354 0 0 0 0 0 0
P_00651 0 0.000865 0 0 0 0 0 0
P_00653 1 0.000794 0 0 0 0 0 0
P_00653 1 0.000918 0 0 0 0 0 0
P_00659 0 0.001171 0 0 0 0 0 0
P_00660 1 0.00141 0 0 0 0 0 0
P_00660 1 0.001498 0 0 0 0 0 0
P_00661 1 0.001256 0 0 0 0 0 0
P_00661 1 0.001042 0 0 0 0 0 0
P_00665 1 0.000971 0 0 0 0 0 0
P_00666 0 0.001465 0 0 0 0 0 0
P_00666 0 0.001252 0 0 0 0 0 0
P_00670 0 0.001211 0 0 0 0 0 0
P_00670 0 0.001418 0 0 0 0 0 0
P_00673 0 0.000866 0 0 0 0 0 0
P_00673 0 0.0015 0 0 0 0 0 0
P_00673 0 0.001028 0 0 0 0 0 0
P_00675 0 0.001157 0 0 0 0 0 0
P_00675 0 0.001998 0 0 0 0 0 0
P_00678 1 0.000922 0 0 0 0 0 0
P_00678 1 0.00102 0 0 0 0 0 0
P_00687 0 0.001038 0 0 0 0 0 0
P_00687 0 0.001162 0 0 0 0 0 0
P_00690 1 0.001121 0 0 0 0 0 0
P_00692 0 0.000948 0 0 0 0 0 0
P_00694 0 0.001013 0 0 0 0 0 0
P_00694 0 0.000867 0 0 0 0 0 0
P_00695 1 0.000878 0 0 0 0 0 0
P_00695 1 0.000824 0 0 0 0 0 0
P_00698 1 0.000913 0 0 0 0 0 0
P_00698 1 0.001084 0 0 0 0 0 0
P_00700 0 0.001138 0 0 0 0 0 0
P_00700 0 0.001075 0 0 0 0 0 0
P_00702 1 0.000891 0 0 0 0 0 0
P_00702 1 0.001108 0 0 0 0 0 0
P_00703 0 0.001138 0 0 0 0 0 0
P_00703 0 0.001124 0 0 0 0 0 0
P_00706 1 0.000777 0 0 0 0 0 0
P_00706 1 0.000734 0 0 0 0 0 0
P_00708 0 0.002785 0.000002 0 0 0 0 0
P_00708 0 0.001147 0 0 0 0 0 0
P_00710 0 0.001637 0 0 0 0 0 0
P_00710 0 0.001691 0 0 0 0 0 0
P_00710 0 0.000877 0 0 0 0 0 0
P_00710 0 0.00098 0 0 0 0 0 0
P_00710 0 0.000988 0 0 0 0 0 0
P_00711 1 0.00107 0 0 0 0 0 0
P_00711 1 0.001088 0 0 0 0 0 0
P_00711 0 0.001311 0 0 0 0 0 0
P_00711 0 0.001165 0 0 0 0 0 0
P_00715 0 0.001702 0 0 0 0 0 0
P_00715 0 0.001365 0 0 0 0 0 0
P_00716 1 0.001741 0.000001 0 0 0 0 0
P_00717 1 0.001076 0 0 0 0 0 0
P_00717 1 0.001256 0 0 0 0 0 0
P_00719 1 0.0007 0 0 0 0 0 0
P_00719 1 0.000838 0 0 0 0 0 0
P_00720 1 0.001364 0 0 0 0 0 0
P_00723 0 0.001621 0 0 0 0 0 0
P_00726 0 0.001083 0 0 0 0 0 0
P_00726 0 0.001358 0 0 0 0 0 0
P_00728 1 0.001293 0 0 0 0 0 0
P_00728 1 0.000955 0 0 0 0 0 0
P_00730 1 0.001265 0 0 0 0 0 0
P_00731 0 0.000976 0 0 0 0 0 0
P_00731 0 0.001034 0 0 0 0 0 0
P_00732 1 0.000963 0 0 0 0 0 0
P_00732 1 0.000821 0 0 0 0 0 0
P_00733 0 0.002565 0 0 0 0 0 0
P_00733 0 0.00105 0 0 0 0 0 0
P_00734 1 0.001071 0 0 0 0 0 0
P_00737 1 0.001175 0 0 0 0 0 0
P_00737 1 0.000766 0 0 0 0 0 0
P_00739 0 0.001094 0 0 0 0 0 0
P_00739 0 0.001225 0 0 0 0 0 0
P_00742 0 0.001619 0 0 0 0 0 0
P_00742 0 0.001116 0 0 0 0 0 0
P_00746 1 0.001607 0 0 0 0 0 0
P_00746 1 0.000948 0 0 0 0 0 0
P_00747 0 0.001015 0 0 0 0 0 0
P_00747 0 0.000831 0 0 0 0 0 0
P_00753 1 0.00112 0 0 0 0 0 0
P_00753 1 0.001206 0 0 0 0 0 0
P_00754 0 0.001864 0 0 0 0 0 0
P_00754 0 0.001218 0 0 0 0 0 0
P_00764 0 0.001329 0 0 0 0 0 0
P_00764 0 0.000932 0 0 0 0 0 0
P_00765 0 0.001593 0 0 0 0 0 0
P_00765 0 0.001492 0 0 0 0 0 0
P_00770 1 0.001206 0 0 0 0 0 0
P_00775 0 0.001446 0 0 0 0 0 0
P_00775 0 0.00101 0 0 0 0 0 0
P_00776 1 0.001248 0 0 0 0 0 0
P_00776 1 0.000911 0 0 0 0 0 0
P_00778 0 0.003242 0.000007 0 0 0 0 0
P_00778 0 0.002223 0.000001 0 0 0 0 0
P_00778 0 0.001126 0 0 0 0 0 0
P_00778 0 0.002105 0.000001 0 0 0 0 0
P_00779 1 0.001045 0 0 0 0 0 0
P_00779 1 0.001107 0 0 0 0 0 0
P_00781 0 0.000889 0 0 0 0 0 0
P_00781 0 0.001117 0 0 0 0 0 0
P_00782 1 0.001029 0 0 0 0 0 0
P_00794 0 0.001006 0 0 0 0 0 0
P_00794 0 0.000999 0 0 0 0 0 0
P_00797 0 0.000977 0 0 0 0 0 0
P_00797 1 0.000851 0 0 0 0 0 0
P_00797 0 0.000789 0 0 0 0 0 0
P_00797 1 0.001222 0 0 0 0 0 0
P_00797 0 0.00093 0 0 0 0 0 0
P_00797 0 0.000913 0 0 0 0 0 0
P_00798 0 0.000925 0 0 0 0 0 0
P_00798 0 0.000994 0 0 0 0 0 0
P_00801 1 0.001116 0 0 0 0 0 0
P_00801 1 0.001095 0 0 0 0 0 0
P_00802 1 0.001279 0 0 0 0 0 0
P_00802 1 0.00082 0 0 0 0 0 0
P_00802 1 0.001186 0 0 0 0 0 0
P_00802 1 0.001493 0 0 0 0 0 0
P_00803 1 0.001055 0 0 0 0 0 0
P_00810 1 0.001305 0 0 0 0 0 0
P_00814 0 0.00316 0.000001 0 0 0 0 0
P_00814 0 0.001652 0 0 0 0 0 0
P_00815 1 0.001022 0 0 0 0 0 0
P_00815 1 0.001474 0 0 0 0 0 0
P_00816 0 0.002057 0 0 0 0 0 0
P_00816 0 0.001829 0 0 0 0 0 0
P_00818 1 0.001054 0 0 0 0 0 0
P_00818 1 0.000992 0 0 0 0 0 0
P_00823 0 0.001158 0 0 0 0 0 0
P_00823 0 0.000983 0 0 0 0 0 0
P_00826 0 0.001243 0 0 0 0 0 0
P_00826 0 0.001226 0 0 0 0 0 0
P_00828 1 0.000903 0 0 0 0 0 0
P_00829 0 0.001708 0 0 0 0 0 0
P_00829 0 0.001574 0.000001 0 0 0 0 0
P_00831 1 0.000797 0 0 0 0 0 0
P_00836 1 0.001212 0 0 0 0 0 0
P_00836 1 0.001252 0 0 0 0 0 0
P_00841 0 0.001792 0 0 0 0 0 0
P_00841 0 0.001562 0 0 0 0 0 0
P_00844 0 0.000939 0 0 0 0 0 0
P_00844 0 0.001102 0 0 0 0 0 0
P_00845 1 0.001013 0 0 0 0 0 0
P_00847 0 0.00103 0 0 0 0 0 0
P_00848 1 0.001249 0 0 0 0 0 0
P_00848 1 0.000943 0 0 0 0 0 0
P_00849 1 0.000973 0 0 0 0 0 0
P_00849 1 0.000783 0 0 0 0 0 0
P_00851 1 0.000953 0 0 0 0 0 0
P_00851 1 0.001059 0 0 0 0 0 0
P_00853 1 0.001081 0 0 0 0 0 0
P_00859 0 0.001058 0 0 0 0 0 0
P_00859 0 0.002056 0 0 0 0 0 0
P_00863 0 0.000976 0 0 0 0 0 0
P_00863 0 0.001666 0 0 0 0 0 0
P_00865 1 0.001116 0 0 0 0 0 0
P_00865 1 0.001397 0 0 0 0 0 0
P_00869 0 0.001157 0 0 0 0 0 0
P_00869 0 0.001312 0 0 0 0 0 0
P_00870 1 0.000902 0 0 0 0 0 0
P_00870 1 0.000776 0 0 0 0 0 0
P_00871 1 0.000965 0 0 0 0 0 0
P_00871 1 0.000834 0 0 0 0 0 0
P_00881 1 0.001226 0 0 0 0 0 0
P_00881 1 0.001238 0 0 0 0 0 0
P_00884 0 0.001067 0 0 0 0 0 0
P_00886 1 0.001182 0 0 0 0 0 0
P_00886 1 0.001095 0 0 0 0 0 0
P_00889 1 0.000949 0 0 0 0 0 0
P_00889 1 0.000912 0 0 0 0 0 0
P_00891 1 0.001017 0 0 0 0 0 0
P_00891 1 0.001137 0 0 0 0 0 0
P_00892 1 0.001148 0 0 0 0 0 0
P_00892 1 0.000914 0 0 0 0 0 0
P_00894 0 0.001243 0 0 0 0 0 0
P_00896 0 0.00106 0 0 0 0 0 0
P_00898 1 0.001059 0 0 0 0 0 0
P_00900 1 0.000906 0 0 0 0 0 0
P_00901 1 0.000928 0 0 0 0 0 0
P_00901 1 0.000944 0 0 0 0 0 0
P_00902 1 0.000861 0 0 0 0 0 0
P_00902 1 0.000879 0 0 0 0 0 0
P_00903 1 0.001735 0.000001 0 0 0 0 0
P_00906 1 0.000939 0 0 0 0 0 0
P_00906 1 0.000934 0 0 0 0 0 0
P_00911 0 0.001038 0 0 0 0 0 0
P_00913 1 0.000949 0 0 0 0 0 0
P_00913 1 0.001066 0 0 0 0 0 0
P_00914 1 0.001027 0 0 0 0 0 0
P_00914 1 0.00092 0 0 0 0 0 0
P_00914 1 0.000939 0 0 0 0 0 0
P_00914 1 0.000927 0 0 0 0 0 0
P_00914 1 0.001098 0 0 0 0 0 0
P_00914 1 0.000912 0 0 0 0 0 0
P_00915 1 0.001134 0 0 0 0 0 0
P_00915 1 0.00107 0 0 0 0 0 0
P_00917 0 0.001024 0 0 0 0 0 0
P_00920 0 0.000963 0 0 0 0 0 0
P_00920 0 0.000902 0 0 0 0 0 0
P_00921 1 0.001178 0 0 0 0 0 0
P_00927 0 0.002986 0 0 0 0 0 0
P_00927 0 0.001343 0 0 0 0 0 0
P_00929 1 0.001101 0 0 0 0 0 0
P_00929 1 0.000883 0 0 0 0 0 0
P_00931 1 0.001214 0 0 0 0 0 0
P_00931 1 0.001344 0 0 0 0 0 0
P_00935 1 0.001144 0 0 0 0 0 0
P_00935 1 0.001075 0 0 0 0 0 0
P_00939 0 0.002729 0 0 0 0 0 0
P_00939 0 0.001015 0 0 0 0 0 0
P_00941 0 0.001014 0 0 0 0 0 0
P_00949 0 0.000793 0 0 0 0 0 0
P_00949 0 0.000896 0 0 0 0 0 0
P_00950 1 0.001491 0 0 0 0 0 0
P_00952 0 0.000832 0 0 0 0 0 0
P_00952 0 0.00124 0 0 0 0 0 0
P_00958 0 0.000793 0 0 0 0 0 0
P_00958 0 0.000887 0 0 0 0 0 0
P_00959 1 0.000827 0 0 0 0 0 0
P_00961 1 0.00089 0 0 0 0 0 0
P_00963 0 0.001006 0 0 0 0 0 0
P_00963 0 0.001168 0 0 0 0 0 0
P_00968 1 0.001074 0 0 0 0 0 0
P_00968 1 0.00114 0 0 0 0 0 0
P_00970 0 0.001805 0 0 0 0 0 0
P_00972 1 0.001076 0 0 0 0 0 0
P_00972 1 0.001176 0 0 0 0 0 0
P_00976 0 0.001104 0 0 0 0 0 0
P_00976 0 0.001756 0 0 0 0 0 0
P_00978 0 0.000934 0 0 0 0 0 0
P_00978 0 0.001008 0 0 0 0 0 0
P_00982 0 0.00123 0 0 0 0 0 0
P_00982 0 0.001812 0 0 0 0 0 0
P_00984 1 0.00091 0 0 0 0 0 0
P_00984 1 0.000935 0 0 0 0 0 0
P_00988 0 0.00146 0 0 0 0 0 0
P_00988 0 0.001354 0 0 0 0 0 0
P_00990 1 0.001065 0 0 0 0 0 0
P_00990 1 0.001229 0 0 0 0 0 0
P_00994 0 0.000873 0 0 0 0 0 0
P_00995 1 0.001125 0 0 0 0 0 0
P_00995 1 0.001085 0 0 0 0 0 0
P_00996 0 0.001495 0 0 0 0 0 0
P_00997 1 0.000987 0 0 0 0 0 0
P_00997 1 0.0009 0 0 0 0 0 0
P_00999 1 0.001054 0 0 0 0 0 0
P_00999 1 0.001419 0 0 0 0 0 0
P_01000 1 0.000948 0 0 0 0 0 0
P_01000 1 0.001191 0 0 0 0 0 0
P_01008 1 0.001107 0 0 0 0 0 0
P_01008 1 0.001005 0 0 0 0 0 0
P_01009 1 0.000926 0 0 0 0 0 0
P_01009 1 0.000919 0 0 0 0 0 0
P_01018 0 0.001585 0 0 0 0 0 0
P_01031 1 0.001636 0 0 0 0 0 0
P_01032 0 0.00095 0 0 0 0 0 0
P_01034 1 0.001379 0 0 0 0 0 0
P_01034 1 0.001355 0 0 0 0 0 0
P_01035 1 0.000898 0 0 0 0 0 0
P_01035 1 0.001095 0 0 0 0 0 0
P_01036 0 0.000979 0 0 0 0 0 0
P_01039 1 0.001016 0 0 0 0 0 0
P_01039 0 0.001978 0 0 0 0 0 0
P_01039 0 0.001168 0 0 0 0 0 0
P_01039 0 0.001158 0 0 0 0 0 0
P_01039 0 0.000983 0 0 0 0 0 0
P_01039 0 0.001982 0 0 0 0 0 0
P_01039 0 0.001397 0 0 0 0 0 0
P_01039 0 0.000922 0 0 0 0 0 0
P_01039 0 0.00114 0 0 0 0 0 0
P_01039 0 0.001164 0 0 0 0 0 0
P_01039 0 0.001034 0 0 0 0 0 0
P_01039 0 0.001074 0 0 0 0 0 0
P_01047 1 0.001085 0 0 0 0 0 0
P_01047 1 0.001032 0 0 0 0 0 0
P_01048 0 0.000978 0 0 0 0 0 0
P_01048 0 0.000874 0 0 0 0 0 0
P_01051 0 0.001654 0.000001 0 0 0 0 0
P_01051 0 0.001121 0 0 0 0 0 0
P_01052 0 0.00132 0 0 0 0 0 0
P_01052 0 0.001356 0 0 0 0 0 0
P_01054 1 0.001177 0 0 0 0 0 0
P_01057 1 0.001317 0 0 0 0 0 0
P_01057 1 0.000995 0 0 0 0 0 0
P_01062 0 0.000928 0 0 0 0 0 0
P_01062 0 0.000994 0 0 0 0 0 0
P_01070 1 0.00132 0 0 0 0 0 0
P_01070 1 0.001118 0 0 0 0 0 0
P_01071 1 0.001706 0 0 0 0 0 0
P_01071 1 0.001064 0 0 0 0 0 0
P_01076 1 0.000938 0 0 0 0 0 0
P_01076 1 0.00095 0 0 0 0 0 0
P_01077 0 0.001123 0 0 0 0 0 0
P_01079 1 0.000913 0 0 0 0 0 0
P_01079 1 0.00101 0 0 0 0 0 0
P_01082 0 0.001113 0 0 0 0 0 0
P_01083 1 0.00102 0 0 0 0 0 0
P_01084 1 0.000919 0 0 0 0 0 0
P_01084 1 0.001003 0 0 0 0 0 0
P_01086 1 0.000925 0 0 0 0 0 0
P_01088 1 0.001336 0 0 0 0 0 0
P_01088 1 0.001076 0 0 0 0 0 0
P_01093 1 0.001378 0 0 0 0 0 0
P_01093 1 0.001053 0 0 0 0 0 0
P_01097 1 0.000894 0 0 0 0 0 0
P_01097 1 0.000809 0 0 0 0 0 0
P_01103 0 0.001017 0 0 0 0 0 0
P_01103 1 0.00105 0 0 0 0 0 0
P_01103 1 0.001129 0 0 0 0 0 0
P_01103 0 0.001093 0 0 0 0 0 0
P_01103 1 0.000944 0 0 0 0 0 0
P_01103 1 0.00093 0 0 0 0 0 0
P_01104 0 0.000964 0 0 0 0 0 0
P_01109 1 0.001033 0 0 0 0 0 0
P_01112 0 0.001032 0 0 0 0 0 0
P_01112 0 0.00134 0 0 0 0 0 0
P_01115 0 0.001036 0 0 0 0 0 0
P_01115 0 0.001428 0 0 0 0 0 0
P_01118 0 0.001375 0 0 0 0 0 0
P_01118 0 0.001134 0 0 0 0 0 0
P_01120 1 0.001132 0 0 0 0 0 0
P_01120 1 0.001024 0 0 0 0 0 0
P_01123 0 0.001352 0 0 0 0 0 0
P_01123 0 0.000863 0 0 0 0 0 0
P_01124 0 0.001013 0 0 0 0 0 0
P_01124 0 0.001021 0 0 0 0 0 0
P_01130 1 0.001137 0 0 0 0 0 0
P_01130 1 0.001178 0 0 0 0 0 0
P_01131 0 0.000827 0 0 0 0 0 0
P_01131 0 0.000901 0 0 0 0 0 0
P_01133 0 0.001134 0 0 0 0 0 0
P_01134 1 0.00099 0 0 0 0 0 0
P_01134 1 0.000974 0 0 0 0 0 0
P_01138 1 0.000889 0 0 0 0 0 0
P_01138 1 0.000899 0 0 0 0 0 0
P_01142 0 0.001161 0 0 0 0 0 0
P_01142 0 0.000943 0 0 0 0 0 0
P_01144 1 0.001135 0 0 0 0 0 0
P_01144 1 0.00093 0 0 0 0 0 0
P_01146 0 0.002209 0.000002 0 0 0 0 0
P_01149 1 0.001026 0 0 0 0 0 0
P_01149 1 0.000989 0 0 0 0 0 0
P_01150 0 0.001019 0 0 0 0 0 0
P_01150 0 0.001379 0 0 0 0 0 0
P_01151 1 0.001425 0 0 0 0 0 0
P_01151 1 0.001506 0 0 0 0 0 0
P_01152 0 0.00115 0 0 0 0 0 0
P_01152 0 0.001155 0 0 0 0 0 0
P_01152 0 0.000919 0 0 0 0 0 0
P_01152 0 0.001079 0 0 0 0 0 0
P_01153 0 0.001289 0 0 0 0 0 0
P_01155 1 0.000903 0 0 0 0 0 0
P_01155 1 0.001075 0 0 0 0 0 0
P_01158 0 0.001143 0 0 0 0 0 0
P_01158 0 0.000973 0 0 0 0 0 0
P_01162 0 0.001218 0 0 0 0 0 0
P_01162 0 0.00104 0 0 0 0 0 0
P_01163 1 0.000983 0 0 0 0 0 0
P_01163 1 0.001043 0 0 0 0 0 0
P_01164 0 0.001062 0 0 0 0 0 0
P_01164 0 0.001054 0 0 0 0 0 0
P_01165 0 0.001003 0 0 0 0 0 0
P_01165 0 0.001053 0 0 0 0 0 0
P_01165 1 0.000878 0 0 0 0 0 0
P_01171 0 0.001204 0 0 0 0 0 0
P_01171 0 0.000983 0 0 0 0 0 0
P_01173 1 0.001175 0 0 0 0 0 0
P_01173 1 0.001196 0 0 0 0 0 0
P_01175 0 0.001411 0 0 0 0 0 0
P_01175 0 0.002469 0 0 0 0 0 0
P_01175 0 0.001222 0 0 0 0 0 0
P_01178 0 0.001027 0 0 0 0 0 0
P_01178 0 0.000871 0 0 0 0 0 0
P_01179 1 0.000943 0 0 0 0 0 0
P_01179 1 0.000969 0 0 0 0 0 0
P_01181 0 0.000952 0 0 0 0 0 0
P_01181 0 0.00111 0 0 0 0 0 0
P_01182 0 0.001784 0 0 0 0 0 0
P_01182 0 0.001344 0 0 0 0 0 0
P_01185 0 0.001168 0 0 0 0 0 0
P_01185 0 0.000868 0 0 0 0 0 0
P_01189 1 0.001013 0 0 0 0 0 0
P_01189 1 0.000785 0 0 0 0 0 0
P_01190 1 0.001484 0 0 0 0 0 0
P_01190 1 0.001516 0 0 0 0 0 0
P_01194 0 0.000991 0 0 0 0 0 0
P_01201 1 0.000818 0 0 0 0 0 0
P_01201 1 0.001116 0 0 0 0 0 0
P_01203 0 0.001128 0 0 0 0 0 0
P_01203 0 0.001512 0 0 0 0 0 0
P_01206 1 0.001976 0 0 0 0 0 0
P_01206 1 0.001429 0 0 0 0 0 0
P_01207 0 0.001071 0 0 0 0 0 0
P_01209 0 0.00174 0 0 0 0 0 0
P_01212 0 0.001033 0 0 0 0 0 0
P_01212 0 0.001024 0 0 0 0 0 0
P_01215 0 0.001383 0 0 0 0 0 0
P_01215 0 0.001524 0 0 0 0 0 0
P_01216 0 0.001271 0 0 0 0 0 0
P_01216 0 0.001171 0 0 0 0 0 0
P_01218 1 0.001043 0 0 0 0 0 0
P_01218 1 0.001019 0 0 0 0 0 0
P_01221 1 0.001176 0.000001 0 0 0 0 0
P_01221 1 0.000821 0 0 0 0 0 0
P_01222 1 0.000963 0 0 0 0 0 0
P_01225 0 0.000965 0 0 0 0 0 0
P_01225 0 0.001139 0 0 0 0 0 0
P_01226 0 0.001181 0 0 0 0 0 0
P_01230 1 0.001656 0 0 0 0 0 0
P_01231 0 0.001444 0.000001 0 0 0 0 0
P_01231 0 0.000945 0 0 0 0 0 0
P_01232 1 0.000987 0 0 0 0 0 0
P_01232 1 0.001376 0 0 0 0 0 0
P_01233 0 0.001164 0 0 0 0 0 0
P_01233 0 0.001021 0 0 0 0 0 0
P_01237 0 0.001059 0 0 0 0 0 0
P_01238 0 0.000828 0 0 0 0 0 0
P_01238 0 0.000852 0 0 0 0 0 0
P_01239 0 0.000903 0 0 0 0 0 0
P_01241 1 0.000956 0 0 0 0 0 0
P_01241 1 0.000933 0 0 0 0 0 0
P_01243 0 0.000997 0 0 0 0 0 0
P_01243 0 0.001149 0 0 0 0 0 0
P_01248 1 0.001056 0 0 0 0 0 0
P_01248 1 0.001118 0 0 0 0 0 0
P_01250 0 0.001256 0 0 0 0 0 0
P_01250 0 0.0011 0 0 0 0 0 0
P_01258 1 0.001111 0 0 0 0 0 0
P_01260 1 0.00099 0 0 0 0 0 0
P_01261 1 0.001458 0 0 0 0 0 0
P_01261 1 0.001127 0 0 0 0 0 0
P_01262 1 0.001534 0 0 0 0 0 0
P_01262 1 0.001574 0.000001 0 0 0 0 0
P_01262 1 0.00133 0 0 0 0 0 0
P_01264 0 0.001058 0 0 0 0 0 0
P_01265 0 0.001205 0 0 0 0 0 0
P_01265 0 0.001266 0 0 0 0 0 0
P_01267 0 0.001326 0 0 0 0 0 0
P_01268 0 0.001971 0 0 0 0 0 0
P_01268 0 0.000955 0 0 0 0 0 0
P_01270 0 0.001491 0 0 0 0 0 0
P_01270 0 0.001299 0 0 0 0 0 0
P_01270 1 0.000769 0 0 0 0 0 0
P_01270 1 0.000915 0 0 0 0 0 0
P_01270 1 0.000766 0 0 0 0 0 0
P_01271 0 0.002718 0 0 0 0 0 0
P_01271 0 0.001134 0 0 0 0 0 0
P_01273 0 0.001558 0 0 0 0 0 0
P_01273 0 0.001389 0 0 0 0 0 0
P_01273 0 0.001559 0 0 0 0 0 0
P_01273 0 0.000983 0 0 0 0 0 0
P_01273 0 0.003212 0 0 0 0 0 0
P_01273 0 0.001414 0 0 0 0 0 0
P_01274 0 0.001026 0 0 0 0 0 0
P_01279 0 0.001066 0 0 0 0 0 0
P_01280 0 0.001666 0 0 0 0 0 0
P_01280 0 0.00131 0 0 0 0 0 0
P_01281 1 0.00124 0 0 0 0 0 0
P_01283 0 0.002044 0 0 0 0 0 0
P_01285 0 0.001179 0 0 0 0 0 0
P_01285 0 0.001261 0 0 0 0 0 0
P_01290 1 0.001071 0 0 0 0 0 0
P_01297 0 0.000912 0 0 0 0 0 0
P_01297 0 0.000965 0 0 0 0 0 0
P_01299 0 0.001237 0 0 0 0 0 0
P_01301 0 0.001411 0 0 0 0 0 0
P_01301 0 0.00088 0 0 0 0 0 0
P_01302 1 0.001059 0 0 0 0 0 0
P_01302 1 0.000885 0 0 0 0 0 0
P_01304 1 0.000923 0 0 0 0 0 0
P_01304 1 0.000858 0 0 0 0 0 0
P_01305 0 0.000851 0 0 0 0 0 0
P_01305 0 0.000954 0 0 0 0 0 0
P_01312 1 0.00081 0 0 0 0 0 0
P_01317 0 0.001218 0 0 0 0 0 0
P_01324 1 0.001101 0 0 0 0 0 0
P_01324 1 0.000991 0 0 0 0 0 0
P_01325 1 0.001111 0 0 0 0 0 0
P_01326 1 0.000932 0 0 0 0 0 0
P_01326 1 0.001285 0 0 0 0 0 0
P_01327 0 0.00115 0 0 0 0 0 0
P_01328 1 0.001191 0 0 0 0 0 0
P_01328 1 0.001336 0 0 0 0 0 0
P_01330 0 0.001 0 0 0 0 0 0
P_01332 0 0.001277 0 0 0 0 0 0
P_01332 0 0.001181 0 0 0 0 0 0
P_01340 0 0.001022 0 0 0 0 0 0
P_01343 1 0.000957 0 0 0 0 0 0
P_01343 1 0.000796 0 0 0 0 0 0
P_01343 1 0.000863 0 0 0 0 0 0
P_01343 1 0.000912 0 0 0 0 0 0
P_01349 0 0.001342 0 0 0 0 0 0
P_01350 1 0.000945 0 0 0 0 0 0
P_01350 1 0.001155 0 0 0 0 0 0
P_01354 0 0.001093 0 0 0 0 0 0
P_01355 1 0.000938 0 0 0 0 0 0
P_01356 1 0.000825 0 0 0 0 0 0
P_01356 1 0.000856 0 0 0 0 0 0
P_01357 1 0.001914 0 0 0 0 0 0
P_01360 1 0.001236 0 0 0 0 0 0
P_01360 1 0.00107 0 0 0 0 0 0
P_01362 0 0.001675 0 0 0 0 0 0
P_01363 0 0.001095 0 0 0 0 0 0
P_01363 0 0.000957 0 0 0 0 0 0
P_01364 1 0.000921 0 0 0 0 0 0
P_01364 1 0.000882 0 0 0 0 0 0
P_01367 0 0.000989 0 0 0 0 0 0
P_01371 1 0.000837 0 0 0 0 0 0
P_01371 1 0.000898 0 0 0 0 0 0
P_01373 1 0.000859 0 0 0 0 0 0
P_01373 1 0.000976 0 0 0 0 0 0
P_01374 1 0.001353 0 0 0 0 0 0
P_01374 1 0.001756 0 0 0 0 0 0
P_01379 1 0.001665 0 0 0 0 0 0
P_01379 1 0.001005 0 0 0 0 0 0
P_01382 0 0.001012 0 0 0 0 0 0
P_01382 0 0.001135 0 0 0 0 0 0
P_01383 1 0.001028 0 0 0 0 0 0
P_01383 1 0.001006 0 0 0 0 0 0
P_01386 0 0.001151 0 0 0 0 0 0
P_01388 0 0.000869 0 0 0 0 0 0
P_01388 0 0.000912 0 0 0 0 0 0
P_01389 0 0.001291 0 0 0 0 0 0
P_01389 0 0.000946 0 0 0 0 0 0
P_01391 1 0.000899 0 0 0 0 0 0
P_01394 1 0.000914 0 0 0 0 0 0
P_01394 1 0.001595 0 0 0 0 0 0
P_01394 1 0.000951 0 0 0 0 0 0
P_01394 1 0.000968 0 0 0 0 0 0
P_01394 1 0.001081 0 0 0 0 0 0
P_01394 1 0.000942 0 0 0 0 0 0
P_01398 0 0.001575 0 0 0 0 0 0
P_01398 0 0.001159 0 0 0 0 0 0
P_01402 1 0.000984 0 0 0 0 0 0
P_01405 1 0.001156 0 0 0 0 0 0
P_01405 1 0.001327 0 0 0 0 0 0
P_01406 0 0.000833 0 0 0 0 0 0
P_01411 1 0.001617 0 0 0 0 0 0
P_01412 1 0.001337 0 0 0 0 0 0
P_01412 1 0.001138 0 0 0 0 0 0
P_01413 1 0.001675 0 0 0 0 0 0
P_01413 1 0.001587 0 0 0 0 0 0
P_01417 0 0.000997 0 0 0 0 0 0
P_01418 1 0.00088 0 0 0 0 0 0
P_01418 1 0.001157 0 0 0 0 0 0
P_01423 0 0.001276 0 0 0 0 0 0
P_01423 0 0.001217 0 0 0 0 0 0
P_01426 1 0.000823 0 0 0 0 0 0
P_01426 1 0.000828 0 0 0 0 0 0
P_01427 1 0.00132 0 0 0 0 0 0
P_01430 1 0.001112 0 0 0 0 0 0
P_01431 0 0.001137 0 0 0 0 0 0
P_01433 1 0.001226 0 0 0 0 0 0
P_01433 1 0.00118 0 0 0 0 0 0
P_01434 1 0.001079 0 0 0 0 0 0
P_01434 1 0.000963 0 0 0 0 0 0
P_01438 1 0.001351 0 0 0 0 0 0
P_01439 0 0.001018 0 0 0 0 0 0
P_01439 0 0.001071 0 0 0 0 0 0
P_01441 1 0.001108 0 0 0 0 0 0
P_01441 1 0.001408 0 0 0 0 0 0
P_01442 0 0.001002 0 0 0 0 0 0
P_01442 0 0.00105 0 0 0 0 0 0
P_01444 1 0.001166 0 0 0 0 0 0
P_01445 1 0.000789 0 0 0 0 0 0
P_01445 1 0.001214 0 0 0 0 0 0
P_01447 0 0.001702 0 0 0 0 0 0
P_01447 0 0.001247 0 0 0 0 0 0
P_01452 0 0.001385 0 0 0 0 0 0
P_01453 0 0.000904 0 0 0 0 0 0
P_01454 1 0.001431 0 0 0 0 0 0
P_01461 1 0.001049 0 0 0 0 0 0
P_01461 1 0.001302 0 0 0 0 0 0
P_01473 0 0.001149 0 0 0 0 0 0
P_01474 1 0.000905 0 0 0 0 0 0
P_01474 1 0.001431 0 0 0 0 0 0
P_01475 0 0.001506 0 0 0 0 0 0
P_01475 0 0.003093 0 0 0 0 0 0
P_01481 1 0.00114 0 0 0 0 0 0
P_01481 1 0.001436 0 0 0 0 0 0
P_01482 0 0.000906 0 0 0 0 0 0
P_01482 0 0.001096 0 0 0 0 0 0
P_01484 0 0.000798 0 0 0 0 0 0
P_01485 0 0.001196 0 0 0 0 0 0
P_01485 0 0.001304 0 0 0 0 0 0
P_01486 0 0.001015 0 0 0 0 0 0
P_01486 0 0.000859 0 0 0 0 0 0
P_01491 1 0.000932 0 0 0 0 0 0
P_01493 1 0.001175 0 0 0 0 0 0
P_01494 1 0.000935 0 0 0 0 0 0
P_01494 1 0.001201 0 0 0 0 0 0
P_01494 1 0.001086 0 0 0 0 0 0
P_01495 0 0.001134 0 0 0 0 0 0
P_01498 0 0.001245 0 0 0 0 0 0
P_01499 0 0.000841 0 0 0 0 0 0
P_01499 0 0.00086 0 0 0 0 0 0
P_01501 1 0.00119 0 0 0 0 0 0
P_01501 1 0.001213 0 0 0 0 0 0
P_01503 0 0.000969 0 0 0 0 0 0
P_01503 0 0.001032 0 0 0 0 0 0
P_01504 1 0.001086 0 0 0 0 0 0
P_01504 1 0.001396 0 0 0 0 0 0
P_01506 1 0.002616 0.000001 0 0 0 0 0
P_01506 1 0.001049 0 0 0 0 0 0
P_01508 0 0.000941 0 0 0 0 0 0
P_01509 1 0.000968 0 0 0 0 0 0
P_01509 1 0.001487 0 0 0 0 0 0
P_01514 1 0.00126 0 0 0 0 0 0
P_01514 1 0.001169 0 0 0 0 0 0
P_01516 0 0.00131 0 0 0 0 0 0
P_01516 0 0.001083 0 0 0 0 0 0
P_01517 1 0.000768 0 0 0 0 0 0
P_01529 1 0.00079 0 0 0 0 0 0
P_01529 1 0.000749 0 0 0 0 0 0
P_01531 0 0.001004 0 0 0 0 0 0
P_01532 0 0.001203 0 0 0 0 0 0
P_01532 0 0.001033 0 0 0 0 0 0
P_01540 1 0.001195 0 0 0 0 0 0
P_01540 1 0.001116 0 0 0 0 0 0
P_01543 0 0.001215 0 0 0 0 0 0
P_01543 0 0.001463 0 0 0 0 0 0
P_01544 1 0.000893 0 0 0 0 0 0
P_01544 1 0.001637 0 0 0 0 0 0
P_01553 1 0.001233 0 0 0 0 0 0
P_01556 1 0.000895 0 0 0 0 0 0
P_01557 0 0.001213 0 0 0 0 0 0
P_01557 0 0.00142 0 0 0 0 0 0
P_01559 1 0.001127 0 0 0 0 0 0
P_01560 0 0.001036 0 0 0 0 0 0
P_01560 0 0.001186 0 0 0 0 0 0
P_01564 1 0.000908 0 0 0 0 0 0
P_01564 1 0.000827 0 0 0 0 0 0
P_01565 0 0.000855 0 0 0 0 0 0
P_01565 0 0.001559 0 0 0 0 0 0
P_01567 0 0.001411 0 0 0 0 0 0
P_01572 0 0.001637 0 0 0 0 0 0
P_01572 0 0.00127 0 0 0 0 0 0
P_01573 1 0.001146 0 0 0 0 0 0
P_01573 1 0.001009 0 0 0 0 0 0
P_01581 0 0.001224 0 0 0 0 0 0
P_01581 0 0.001782 0 0 0 0 0 0
P_01583 0 0.001406 0 0 0 0 0 0
P_01589 1 0.001016 0 0 0 0 0 0
P_01589 1 0.001495 0 0 0 0 0 0
P_01591 1 0.000832 0 0 0 0 0 0
P_01591 1 0.000781 0 0 0 0 0 0
P_01593 1 0.001042 0 0 0 0 0 0
P_01593 1 0.000977 0 0 0 0 0 0
P_01596 1 0.000845 0 0 0 0 0 0
P_01596 1 0.001182 0 0 0 0 0 0
P_01600 1 0.000949 0 0 0 0 0 0
P_01600 1 0.001539 0 0 0 0 0 0
P_01600 1 0.000838 0 0 0 0 0 0
P_01604 1 0.00109 0 0 0 0 0 0
P_01604 1 0.001243 0 0 0 0 0 0
P_01606 1 0.001152 0 0 0 0 0 0
P_01608 0 0.001133 0 0 0 0 0 0
P_01608 0 0.00103 0 0 0 0 0 0
P_01611 0 0.001866 0 0 0 0 0 0
P_01611 0 0.001317 0 0 0 0 0 0
P_01612 0 0.000898 0 0 0 0 0 0
P_01612 0 0.000822 0 0 0 0 0 0
P_01613 0 0.000828 0 0 0 0 0 0
P_01613 0 0.000842 0 0 0 0 0 0
P_01619 0 0.001113 0 0 0 0 0 0
P_01619 0 0.001238 0 0 0 0 0 0
P_01620 0 0.00074 0 0 0 0 0 0
P_01620 0 0.001169 0 0 0 0 0 0
P_01621 0 0.001291 0 0 0 0 0 0
P_01621 0 0.00119 0 0 0 0 0 0
P_01630 0 0.000767 0 0 0 0 0 0
P_01632 0 0.002561 0 0 0 0 0 0
P_01632 0 0.001014 0 0 0 0 0 0
P_01632 0 0.001084 0 0 0 0 0 0
P_01632 0 0.001159 0 0 0 0 0 0
P_01632 1 0.00112 0 0 0 0 0 0
P_01632 1 0.001161 0 0 0 0 0 0
P_01633 1 0.001222 0 0 0 0 0 0
P_01633 1 0.001053 0 0 0 0 0 0
P_01634 1 0.001067 0 0 0 0 0 0
P_01634 1 0.001055 0 0 0 0 0 0
P_01635 0 0.00131 0 0 0 0 0 0
P_01635 0 0.001329 0 0 0 0 0 0
P_01635 0 0.001598 0 0 0 0 0 0
P_01635 0 0.002076 0 0 0 0 0 0
P_01636 1 0.001323 0 0 0 0 0 0
P_01637 0 0.001173 0 0 0 0 0 0
P_01638 0 0.001526 0 0 0 0 0 0
P_01638 0 0.000874 0 0 0 0 0 0
P_01641 1 0.001208 0 0 0 0 0 0
P_01641 1 0.001145 0 0 0 0 0 0
P_01642 1 0.001512 0 0 0 0 0 0
P_01642 1 0.001869 0 0 0 0 0 0
P_01644 0 0.001087 0 0 0 0 0 0
P_01644 0 0.001065 0 0 0 0 0 0
P_01644 1 0.001124 0 0 0 0 0 0
P_01644 1 0.001011 0 0 0 0 0 0
P_01646 1 0.001376 0 0 0 0 0 0
P_01646 1 0.001099 0 0 0 0 0 0
P_01649 0 0.000959 0 0 0 0 0 0
P_01650 0 0.001139 0 0 0 0 0 0
P_01650 0 0.001191 0 0 0 0 0 0
P_01652 1 0.001055 0 0 0 0 0 0
P_01652 1 0.001022 0 0 0 0 0 0
P_01653 0 0.001178 0 0 0 0 0 0
P_01654 1 0.000956 0 0 0 0 0 0
P_01654 1 0.001662 0 0 0 0 0 0
P_01656 1 0.001409 0 0 0 0 0 0
P_01656 1 0.001413 0 0 0 0 0 0
P_01656 1 0.00096 0 0 0 0 0 0
P_01656 1 0.001057 0 0 0 0 0 0
P_01656 1 0.001782 0 0 0 0 0 0
P_01663 0 0.000762 0 0 0 0 0 0
P_01663 0 0.000932 0 0 0 0 0 0
P_01668 1 0.000879 0 0 0 0 0 0
P_01668 1 0.000858 0 0 0 0 0 0
P_01669 1 0.000839 0 0 0 0 0 0
P_01669 1 0.000823 0 0 0 0 0 0
P_01671 1 0.000867 0 0 0 0 0 0
P_01671 1 0.000874 0 0 0 0 0 0
P_01674 1 0.000819 0 0 0 0 0 0
P_01675 1 0.001277 0 0 0 0 0 0
P_01675 1 0.001756 0 0 0 0 0 0
P_01680 0 0.001002 0 0 0 0 0 0
P_01682 1 0.000945 0 0 0 0 0 0
P_01682 1 0.000827 0 0 0 0 0 0
P_01685 0 0.000981 0 0 0 0 0 0
P_01685 0 0.000981 0 0 0 0 0 0
P_01686 0 0.001148 0 0 0 0 0 0
P_01686 0 0.001095 0 0 0 0 0 0
P_01687 0 0.000952 0 0 0 0 0 0
P_01687 0 0.000925 0 0 0 0 0 0
P_01689 0 0.001377 0 0 0 0 0 0
P_01694 1 0.001285 0 0 0 0 0 0
P_01694 1 0.000984 0 0 0 0 0 0
P_01698 0 0.001223 0 0 0 0 0 0
P_01698 0 0.001568 0 0 0 0 0 0
P_01701 1 0.000939 0 0 0 0 0 0
P_01701 1 0.000855 0 0 0 0 0 0
P_01702 0 0.001464 0 0 0 0 0 0
P_01702 0 0.001288 0 0 0 0 0 0
P_01710 0 0.00232 0 0 0 0 0 0
P_01710 0 0.001364 0 0 0 0 0 0
P_01712 0 0.000841 0 0 0 0 0 0
P_01712 0 0.000975 0 0 0 0 0 0
P_01712 0 0.001899 0 0 0 0 0 0
P_01712 0 0.001154 0 0 0 0 0 0
P_01714 0 0.001044 0 0 0 0 0 0
P_01714 0 0.001009 0 0 0 0 0 0
P_01715 0 0.001796 0 0 0 0 0 0
P_01715 0 0.001269 0 0 0 0 0 0
P_01717 0 0.001163 0 0 0 0 0 0
P_01717 0 0.002147 0 0 0 0 0 0
P_01720 0 0.001013 0 0 0 0 0 0
P_01720 0 0.001 0 0 0 0 0 0
P_01725 1 0.000881 0 0 0 0 0 0
P_01725 1 0.000885 0 0 0 0 0 0
P_01733 0 0.001428 0 0 0 0 0 0
P_01735 1 0.002554 0.000003 0 0 0 0 0
P_01735 1 0.001299 0 0 0 0 0 0
P_01737 0 0.000923 0 0 0 0 0 0
P_01737 0 0.001071 0 0 0 0 0 0
P_01739 0 0.000967 0 0 0 0 0 0
P_01739 0 0.001418 0 0 0 0 0 0
P_01739 0 0.001536 0 0 0 0 0 0
P_01739 0 0.001567 0 0 0 0 0 0
P_01744 1 0.001491 0 0 0 0 0 0
P_01745 1 0.001528 0 0 0 0 0 0
P_01749 0 0.001151 0 0 0 0 0 0
P_01749 0 0.00136 0 0 0 0 0 0
P_01751 0 0.001013 0 0 0 0 0 0
P_01751 0 0.001016 0 0 0 0 0 0
P_01753 1 0.001076 0 0 0 0 0 0
P_01753 1 0.001084 0 0 0 0 0 0
P_01754 1 0.001087 0 0 0 0 0 0
P_01754 1 0.001049 0 0 0 0 0 0
P_01755 0 0.001079 0 0 0 0 0 0
P_01755 0 0.001386 0 0 0 0 0 0
P_01757 0 0.000982 0 0 0 0 0 0
P_01757 0 0.00117 0 0 0 0 0 0
P_01761 1 0.001761 0 0 0 0 0 0
P_01761 1 0.001093 0 0 0 0 0 0
P_01768 1 0.001017 0 0 0 0 0 0
P_01768 1 0.003168 0.000001 0 0 0 0 0
P_01775 1 0.00087 0 0 0 0 0 0
P_01776 0 0.003001 0.000005 0 0 0 0 0
P_01776 0 0.00102 0 0 0 0 0 0
P_01780 1 0.001807 0.000002 0 0 0 0 0
P_01780 1 0.001149 0 0 0 0 0 0
P_01785 0 0.001227 0 0 0 0 0 0
P_01785 0 0.001574 0 0 0 0 0 0
P_01786 0 0.001141 0 0 0 0 0 0
P_01788 1 0.001158 0 0 0 0 0 0
P_01788 1 0.00118 0 0 0 0 0 0
P_01790 1 0.00091 0 0 0 0 0 0
P_01790 1 0.00148 0 0 0 0 0 0
P_01798 0 0.001146 0 0 0 0 0 0
P_01798 0 0.001436 0 0 0 0 0 0
P_01799 1 0.000972 0 0 0 0 0 0
P_01799 1 0.000877 0 0 0 0 0 0
P_01801 1 0.001216 0 0 0 0 0 0
P_01801 1 0.001443 0 0 0 0 0 0
P_01802 0 0.001269 0 0 0 0 0 0
P_01803 1 0.001071 0 0 0 0 0 0
P_01803 1 0.001136 0 0 0 0 0 0
P_01804 0 0.001249 0 0 0 0 0 0
P_01805 0 0.00271 0 0 0 0 0 0
P_01805 0 0.001146 0 0 0 0 0 0
P_01805 0 0.001518 0 0 0 0 0 0
P_01814 1 0.001102 0 0 0 0 0 0
P_01816 1 0.001942 0 0 0 0 0 0
P_01816 1 0.001522 0 0 0 0 0 0
P_01817 0 0.001019 0 0 0 0 0 0
P_01817 0 0.001004 0 0 0 0 0 0
P_01819 0 0.001399 0 0 0 0 0 0
P_01821 0 0.000917 0 0 0 0 0 0
P_01821 0 0.000937 0 0 0 0 0 0
P_01822 0 0.001266 0 0 0 0 0 0
P_01822 0 0.001174 0 0 0 0 0 0
P_01824 1 0.001084 0 0 0 0 0 0
P_01824 1 0.001684 0 0 0 0 0 0
P_01826 0 0.000978 0 0 0 0 0 0
P_01826 0 0.001011 0 0 0 0 0 0
P_01829 0 0.00107 0 0 0 0 0 0
P_01831 0 0.000988 0 0 0 0 0 0
P_01831 0 0.000889 0 0 0 0 0 0
P_01832 1 0.001046 0 0 0 0 0 0
P_01840 0 0.001007 0 0 0 0 0 0
P_01841 1 0.000881 0 0 0 0 0 0
P_01841 1 0.000897 0 0 0 0 0 0
P_01844 1 0.000855 0 0 0 0 0 0
P_01848 1 0.001136 0 0 0 0 0 0
P_01848 1 0.001412 0 0 0 0 0 0
P_01849 0 0.00144 0 0 0 0 0 0
P_01849 0 0.00129 0 0 0 0 0 0
P_01850 0 0.001042 0 0 0 0 0 0
P_01850 0 0.000928 0 0 0 0 0 0
P_01853 1 0.001691 0.000001 0 0 0 0 0
P_01853 1 0.001105 0 0 0 0 0 0
P_01860 1 0.000857 0 0 0 0 0 0
P_01864 0 0.002039 0 0 0 0 0 0
P_01866 0 0.001099 0 0 0 0 0 0
P_01866 0 0.001314 0 0 0 0 0 0
P_01876 0 0.00099 0 0 0 0 0 0
P_01876 0 0.000931 0 0 0 0 0 0
P_01877 0 0.000989 0 0 0 0 0 0
P_01877 0 0.001116 0 0 0 0 0 0
P_01878 0 0.001214 0 0 0 0 0 0
P_01878 0 0.001133 0 0 0 0 0 0
P_01883 0 0.000923 0 0 0 0 0 0
P_01886 0 0.001303 0 0 0 0 0 0
P_01887 0 0.001156 0 0 0 0 0 0
P_01887 0 0.000917 0 0 0 0 0 0
P_01888 1 0.000901 0 0 0 0 0 0
P_01889 0 0.001145 0 0 0 0 0 0
P_01889 0 0.001104 0 0 0 0 0 0
P_01890 1 0.001415 0 0 0 0 0 0
P_01908 1 0.001052 0 0 0 0 0 0
P_01946 1 0.001018 0 0 0 0 0 0
P_01946 1 0.001004 0 0 0 0 0 0
P_01981 1 0.001117 0 0 0 0 0 0
P_01981 1 0.001324 0 0 0 0 0 0
P_01983 1 0.000912 0 0 0 0 0 0
P_02033 1 0.000909 0 0 0 0 0 0
P_02033 1 0.000901 0 0 0 0 0 0
P_02079 1 0.001056 0 0 0 0 0 0
P_02079 1 0.000833 0 0 0 0 0 0
P_02092 1 0.001386 0 0 0 0 0 0
P_02092 1 0.001513 0 0 0 0 0 0
