P_00005 3 0.001867 0 0 0 0 0 0
P_00005 3 0.001021 0 0 0 0 0 0
P_00007 4 0.001864 0.000001 0 0 0 0 0
P_00007 4 0.001693 0 0 0 0 0 0
P_00008 2 0.002617 0 0 0 0 0 0
P_00008 2 0.002394 0 0 0 0 0 0
P_00008 2 0.001654 0 0 0 0 0 0
P_00008 2 0.001228 0 0 0 0 0 0
P_00008 2 0.002204 0 0 0 0 0 0
P_00008 2 0.001658 0 0 0 0 0 0
P_00008 2 0.000954 0 0 0 0 0 0
P_00008 2 0.002243 0 0 0 0 0 0
P_00008 2 0.001219 0 0 0 0 0 0
P_00008 2 0.001477 0 0 0 0 0 0
P_00008 2 0.001816 0 0 0 0 0 0
P_00008 2 0.001151 0 0 0 0 0 0
P_00008 2 0.002232 0 0 0 0 0 0
P_00008 2 0.001302 0 0 0 0 0 0
P_00008 2 0.001061 0 0 0 0 0 0
P_00008 2 0.001785 0 0 0 0 0 0
P_00010 2 0.001547 0 0 0 0 0 0
P_00010 2 0.001873 0.000002 0 0 0 0 0
P_00011 4 0.001324 0 0 0 0 0 0
P_00011 4 0.001746 0 0 0 0 0 0
P_00012 4 0.002668 0 0 0 0 0 0
P_00012 4 0.00125 0 0 0 0 0 0
P_00013 4 0.000915 0 0 0 0 0 0
P_00014 4 0.00144 0 0 0 0 0 0
P_00014 4 0.001941 0 0 0 0 0 0
P_00016 5 0.002215 0 0 0 0 0 0
P_00016 5 0.001908 0 0 0 0 0 0
P_00019 4 0.001474 0 0 0 0 0 0
P_00019 4 0.001369 0 0 0 0 0 0
P_00020 4 0.001491 0 0 0 0 0 0
P_00020 4 0.000819 0 0 0 0 0 0
P_00022 4 0.001052 0 0 0 0 0 0
P_00022 4 0.00358 0.000001 0 0 0 0 0
P_00024 4 0.00139 0 0 0 0 0 0
P_00024 4 0.003215 0.000004 0 0 0 0 0
P_00028 4 0.001207 0 0 0 0 0 0
P_00029 4 0.001278 0 0 0 0 0 0
P_00029 4 0.001482 0 0 0 0 0 0
P_00030 2 0.001371 0 0 0 0 0 0
P_00030 2 0.001649 0 0 0 0 0 0
P_00030 2 0.001554 0 0 0 0 0 0
P_00030 2 0.001221 0 0 0 0 0 0
P_00030 2 0.001454 0 0 0 0 0 0
P_00030 2 0.001596 0 0 0 0 0 0
P_00031 4 0.002164 0 0 0 0 0 0
P_00034 4 0.002758 0.000006 0 0 0 0 0
P_00034 4 0.001496 0.000001 0 0 0 0 0
P_00043 4 0.001564 0 0 0 0 0 0
P_00047 4 0.001134 0 0 0 0 0 0
P_00047 4 0.001245 0 0 0 0 0 0
P_00047 4 0.00094 0 0 0 0 0 0
P_00047 4 0.001293 0 0 0 0 0 0
P_00047 4 0.001029 0 0 0 0 0 0
P_00047 4 0.001207 0 0 0 0 0 0
P_00048 2 0.00109 0 0 0 0 0 0
P_00048 2 0.001382 0 0 0 0 0 0
P_00048 2 0.001397 0 0 0 0 0 0
P_00048 2 0.001504 0 0 0 0 0 0
P_00049 4 0.001208 0 0 0 0 0 0
P_00049 4 0.000989 0 0 0 0 0 0
P_00060 4 0.001716 0 0 0 0 0 0
P_00060 4 0.001072 0 0 0 0 0 0
P_00062 4 0.002621 0.000001 0 0 0 0 0
P_00062 4 0.001311 0 0 0 0 0 0
P_00063 5 0.001536 0 0 0 0 0 0
P_00063 5 0.001712 0 0 0 0 0 0
P_00071 3 0.001826 0 0 0 0 0 0
P_00071 3 0.001972 0 0 0 0 0 0
P_00078 4 0.001365 0 0 0 0 0 0
P_00078 4 0.002045 0.000001 0 0 0 0 0
P_00083 4 0.001907 0.000001 0 0 0 0 0
P_00084 4 0.000993 0 0 0 0 0 0
P_00084 4 0.001967 0.000001 0 0 0 0 0
P_00085 3 0.00193 0.000002 0 0 0 0 0
P_00085 3 0.002146 0 0 0 0 0 0
P_00088 4 0.00091 0 0 0 0 0 0
P_00088 4 0.001827 0 0 0 0 0 0
P_00091 4 0.002252 0.000001 0 0 0 0 0
P_00091 4 0.002101 0 0 0 0 0 0
P_00098 2 0.001558 0 0 0 0 0 0
P_00098 2 0.001262 0 0 0 0 0 0
P_00098 2 0.001211 0 0 0 0 0 0
P_00098 2 0.001236 0 0 0 0 0 0
P_00098 2 0.001335 0 0 0 0 0 0
P_00098 2 0.001075 0 0 0 0 0 0
P_00101 5 0.00115 0 0 0 0 0 0
P_00101 5 0.002533 0 0 0 0 0 0
P_00105 4 0.001331 0 0 0 0 0 0
P_00105 4 0.000993 0 0 0 0 0 0
P_00106 2 0.001225 0 0 0 0 0 0
P_00106 2 0.001235 0 0 0 0 0 0
P_00112 2 0.001442 0 0 0 0 0 0
P_00112 2 0.001755 0 0 0 0 0 0
P_00112 2 0.001565 0 0 0 0 0 0
P_00112 2 0.001251 0 0 0 0 0 0
P_00112 2 0.001047 0 0 0 0 0 0
P_00112 2 0.001545 0 0 0 0 0 0
P_00112 2 0.000774 0 0 0 0 0 0
P_00112 2 0.001037 0 0 0 0 0 0
P_00112 2 0.000999 0 0 0 0 0 0
P_00112 2 0.001111 0 0 0 0 0 0
P_00112 2 0.001443 0 0 0 0 0 0
P_00112 2 0.001142 0 0 0 0 0 0
P_00112 2 0.001938 0.000001 0 0 0 0 0
P_00112 2 0.001939 0 0 0 0 0 0
P_00112 2 0.002224 0.000001 0 0 0 0 0
P_00112 2 0.001106 0 0 0 0 0 0
P_00112 2 0.001699 0 0 0 0 0 0
P_00112 2 0.00099 0 0 0 0 0 0
P_00112 2 0.001228 0 0 0 0 0 0
P_00112 2 0.001718 0 0 0 0 0 0
P_00112 2 0.003174 0.000003 0 0 0 0 0
P_00112 2 0.003503 0 0 0 0 0 0
P_00112 2 0.000888 0 0 0 0 0 0
P_00121 4 0.00139 0 0 0 0 0 0
P_00121 4 0.000938 0 0 0 0 0 0
P_00123 4 0.000914 0 0 0 0 0 0
P_00123 4 0.00109 0 0 0 0 0 0
P_00129 4 0.001055 0 0 0 0 0 0
P_00129 4 0.002418 0 0 0 0 0 0
P_00136 5 0.001207 0 0 0 0 0 0
P_00136 5 0.002707 0.000001 0 0 0 0 0
P_00136 5 0.00335 0 0 0 0 0 0
P_00151 4 0.001338 0 0 0 0 0 0
P_00157 4 0.001308 0 0 0 0 0 0
P_00157 4 0.002655 0.000004 0 0 0 0 0
P_00157 4 0.00265 0 0 0 0 0 0
P_00157 4 0.00182 0 0 0 0 0 0
P_00157 4 0.001097 0 0 0 0 0 0
P_00159 4 0.001049 0 0 0 0 0 0
P_00159 4 0.001165 0 0 0 0 0 0
P_00161 4 0.002607 0 0 0 0 0 0
P_00162 4 0.002102 0 0 0 0 0 0
P_00162 4 0.001659 0 0 0 0 0 0
P_00179 4 0.001247 0 0 0 0 0 0
P_00179 4 0.001655 0 0 0 0 0 0
P_00181 4 0.001333 0 0 0 0 0 0
P_00181 4 0.002133 0 0 0 0 0 0
P_00182 0 0.005581 0.000002 0 0 0 0 0
P_00182 0 0.001301 0 0 0 0 0 0
P_00183 4 0.001341 0 0 0 0 0 0
P_00185 4 0.00119 0 0 0 0 0 0
P_00185 4 0.002893 0 0 0 0 0 0
P_00188 5 0.001878 0 0 0 0 0 0
P_00189 4 0.001489 0 0 0 0 0 0
P_00189 4 0.000924 0 0 0 0 0 0
P_00196 3 0.001228 0 0 0 0 0 0
P_00196 3 0.001662 0 0 0 0 0 0
P_00197 4 0.00189 0 0 0 0 0 0
P_00197 4 0.001052 0 0 0 0 0 0
P_00201 4 0.002169 0 0 0 0 0 0
P_00208 4 0.002429 0 0 0 0 0 0
P_00208 4 0.000885 0 0 0 0 0 0
P_00208 4 0.001512 0 0 0 0 0 0
P_00208 4 0.001573 0.000001 0 0 0 0 0
P_00220 4 0.002502 0 0 0 0 0 0
P_00220 4 0.001454 0 0 0 0 0 0
P_00224 4 0.00345 0.000001 0 0 0 0 0
P_00224 4 0.001411 0 0 0 0 0 0
P_00232 4 0.00175 0 0 0 0 0 0
P_00232 4 0.001846 0 0 0 0 0 0
P_00243 4 0.001877 0.000001 0 0 0 0 0
P_00243 4 0.00326 0 0 0 0 0 0
P_00245 4 0.001031 0 0 0 0 0 0
P_00250 4 0.001155 0 0 0 0 0 0
P_00251 4 0.002419 0 0 0 0 0 0
P_00251 4 0.002087 0 0 0 0 0 0
P_00255 4 0.001641 0.000001 0 0 0 0 0
P_00255 4 0.001364 0 0 0 0 0 0
P_00256 2 0.000959 0 0 0 0 0 0
P_00256 2 0.001685 0 0 0 0 0 0
P_00260 4 0.001056 0 0 0 0 0 0
P_00260 4 0.001607 0 0 0 0 0 0
P_00263 4 0.000921 0 0 0 0 0 0
P_00266 5 0.000914 0 0 0 0 0 0
P_00266 5 0.001233 0.000001 0 0 0 0 0
P_00268 3 0.001819 0 0 0 0 0 0
P_00268 3 0.001352 0 0 0 0 0 0
P_00269 4 0.001467 0 0 0 0 0 0
P_00269 4 0.002306 0 0 0 0 0 0
P_00270 4 0.00084 0 0 0 0 0 0
P_00270 4 0.001898 0 0 0 0 0 0
P_00271 5 0.003398 0 0 0 0 0 0
P_00271 5 0.001494 0 0 0 0 0 0
P_00274 4 0.001647 0 0 0 0 0 0
P_00275 4 0.00155 0 0 0 0 0 0
P_00275 4 0.001535 0 0 0 0 0 0
P_00276 4 0.001332 0 0 0 0 0 0
P_00276 4 0.001555 0 0 0 0 0 0
P_00280 4 0.002285 0 0 0 0 0 0
P_00280 4 0.001054 0.000001 0 0 0 0 0
P_00282 4 0.001669 0 0 0 0 0 0
P_00282 2 0.001312 0 0 0 0 0 0
P_00284 4 0.001823 0 0 0 0 0 0
P_00284 3 0.00249 0.000003 0 0 0 0 0
P_00284 3 0.001342 0 0 0 0 0 0
P_00284 4 0.001488 0 0 0 0 0 0
P_00288 4 0.000914 0 0 0 0 0 0
P_00288 4 0.001518 0 0 0 0 0 0
P_00291 4 0.001586 0 0 0 0 0 0
P_00291 4 0.001692 0 0 0 0 0 0
P_00291 4 0.001627 0 0 0 0 0 0
P_00291 4 0.001001 0 0 0 0 0 0
P_00291 4 0.000893 0 0 0 0 0 0
P_00291 4 0.001448 0 0 0 0 0 0
P_00291 4 0.001622 0.000001 0 0 0 0 0
P_00293 4 0.00276 0 0 0 0 0 0
P_00293 4 0.00205 0.000001 0 0 0 0 0
P_00297 4 0.001023 0 0 0 0 0 0
P_00297 4 0.002387 0 0 0 0 0 0
P_00302 4 0.001032 0 0 0 0 0 0
P_00302 4 0.001316 0 0 0 0 0 0
P_00302 4 0.002134 0 0 0 0 0 0
P_00302 4 0.000997 0 0 0 0 0 0
P_00302 4 0.001479 0 0 0 0 0 0
P_00302 4 0.00075 0 0 0 0 0 0
P_00307 5 0.000972 0 0 0 0 0 0
P_00307 4 0.001639 0 0 0 0 0 0
P_00308 4 0.00124 0 0 0 0 0 0
P_00308 4 0.002561 0.000001 0 0 0 0 0
P_00311 4 0.000812 0 0 0 0 0 0
P_00312 4 0.002992 0 0 0 0 0 0
P_00316 4 0.001517 0 0 0 0 0 0
P_00316 4 0.001394 0 0 0 0 0 0
P_00318 4 0.002023 0 0 0 0 0 0
P_00321 4 0.002106 0 0 0 0 0 0
P_00321 4 0.001917 0.000001 0 0 0 0 0
P_00322 4 0.002069 0 0 0 0 0 0
P_00322 4 0.000874 0 0 0 0 0 0
P_00326 4 0.000974 0 0 0 0 0 0
P_00336 4 0.001019 0 0 0 0 0 0
P_00336 4 0.004862 0.00002 0 0 0 0 0
P_00337 4 0.002584 0.000005 0 0 0 0 0
P_00337 4 0.001806 0 0 0 0 0 0
P_00339 5 0.002498 0 0 0 0 0 0
P_00339 5 0.001691 0 0 0 0 0 0
P_00346 4 0.000896 0 0 0 0 0 0
P_00346 3 0.001648 0 0 0 0 0 0
P_00349 3 0.001078 0 0 0 0 0 0
P_00349 3 0.001248 0 0 0 0 0 0
P_00355 5 0.001281 0 0 0 0 0 0
P_00355 5 0.001216 0 0 0 0 0 0
P_00357 4 0.001312 0 0 0 0 0 0
P_00360 4 0.002053 0 0 0 0 0 0
P_00360 4 0.001652 0 0 0 0 0 0
P_00364 4 0.00196 0.000001 0 0 0 0 0
P_00364 4 0.001247 0 0 0 0 0 0
P_00373 4 0.00155 0 0 0 0 0 0
P_00373 4 0.001354 0 0 0 0 0 0
P_00377 4 0.00168 0 0 0 0 0 0
P_00377 4 0.001691 0 0 0 0 0 0
P_00377 4 0.002589 0 0 0 0 0 0
P_00378 4 0.00188 0 0 0 0 0 0
P_00378 4 0.00162 0 0 0 0 0 0
P_00380 4 0.000992 0 0 0 0 0 0
P_00380 4 0.001919 0 0 0 0 0 0
P_00385 2 0.004057 0 0 0 0 0 0
P_00385 2 0.001519 0 0 0 0 0 0
P_00385 2 0.001644 0 0 0 0 0 0
P_00385 2 0.001532 0 0 0 0 0 0
P_00385 2 0.001502 0 0 0 0 0 0
P_00385 2 0.002426 0 0 0 0 0 0
P_00385 2 0.001404 0 0 0 0 0 0
P_00385 2 0.001108 0 0 0 0 0 0
P_00385 2 0.000942 0 0 0 0 0 0
P_00385 2 0.00105 0 0 0 0 0 0
P_00385 2 0.001596 0 0 0 0 0 0
P_00385 2 0.001326 0 0 0 0 0 0
P_00392 4 0.001505 0 0 0 0 0 0
P_00392 4 0.001618 0 0 0 0 0 0
P_00393 4 0.001058 0 0 0 0 0 0
P_00394 2 0.00243 0 0 0 0 0 0
P_00394 2 0.0022 0 0 0 0 0 0
P_00395 4 0.002059 0 0 0 0 0 0
P_00395 4 0.000868 0 0 0 0 0 0
P_00395 4 0.001277 0 0 0 0 0 0
P_00395 4 0.001266 0 0 0 0 0 0
P_00395 4 0.0034 0 0 0 0 0 0
P_00395 4 0.001372 0 0 0 0 0 0
P_00398 3 0.001425 0 0 0 0 0 0
P_00398 4 0.001781 0 0 0 0 0 0
P_00400 4 0.001473 0 0 0 0 0 0
P_00400 4 0.00155 0 0 0 0 0 0
P_00404 4 0.001322 0 0 0 0 0 0
P_00410 4 0.00158 0 0 0 0 0 0
P_00410 4 0.002421 0.000003 0 0 0 0 0
P_00418 4 0.00271 0 0 0 0 0 0
P_00418 4 0.001612 0 0 0 0 0 0
P_00418 2 0.001614 0 0 0 0 0 0
P_00418 2 0.001266 0 0 0 0 0 0
P_00422 4 0.001692 0 0 0 0 0 0
P_00422 3 0.001775 0 0 0 0 0 0
P_00425 2 0.001706 0 0 0 0 0 0
P_00425 2 0.001484 0 0 0 0 0 0
P_00432 2 0.00118 0 0 0 0 0 0
P_00432 2 0.00163 0 0 0 0 0 0
P_00432 2 0.001145 0 0 0 0 0 0
P_00432 2 0.00149 0 0 0 0 0 0
P_00438 4 0.001079 0 0 0 0 0 0
P_00438 4 0.002456 0.000001 0 0 0 0 0
P_00443 5 0.001328 0 0 0 0 0 0
P_00445 5 0.001269 0 0 0 0 0 0
P_00447 4 0.001075 0 0 0 0 0 0
P_00447 4 0.001209 0 0 0 0 0 0
P_00448 4 0.00216 0.000001 0 0 0 0 0
P_00448 4 0.002016 0.000001 0 0 0 0 0
P_00452 2 0.001295 0 0 0 0 0 0
P_00452 2 0.00101 0 0 0 0 0 0
P_00452 2 0.000944 0 0 0 0 0 0
P_00452 2 0.001001 0 0 0 0 0 0
P_00452 2 0.001584 0 0 0 0 0 0
P_00452 2 0.001513 0 0 0 0 0 0
P_00452 2 0.001847 0 0 0 0 0 0
P_00452 2 0.001378 0 0 0 0 0 0
P_00455 2 0.001345 0 0 0 0 0 0
P_00455 2 0.001197 0 0 0 0 0 0
P_00455 2 0.001597 0 0 0 0 0 0
P_00455 2 0.002606 0 0 0 0 0 0
P_00455 2 0.001188 0 0 0 0 0 0
P_00455 2 0.000983 0 0 0 0 0 0
P_00455 2 0.001815 0 0 0 0 0 0
P_00455 2 0.00096 0 0 0 0 0 0
P_00456 0 0.001581 0 0 0 0 0 0
P_00456 0 0.001414 0 0 0 0 0 0
P_00458 4 0.001355 0 0 0 0 0 0
P_00467 2 0.001465 0 0 0 0 0 0
P_00467 2 0.001899 0 0 0 0 0 0
P_00467 4 0.001 0 0 0 0 0 0
P_00467 4 0.001796 0.000002 0 0 0 0 0
P_00469 4 0.001447 0 0 0 0 0 0
P_00469 4 0.000964 0 0 0 0 0 0
P_00471 2 0.001046 0 0 0 0 0 0
P_00471 2 0.000978 0 0 0 0 0 0
P_00471 2 0.001132 0 0 0 0 0 0
P_00471 2 0.001097 0 0 0 0 0 0
P_00471 2 0.00386 0.000011 0 0 0 0 0
P_00471 2 0.002189 0 0 0 0 0 0
P_00473 4 0.001415 0 0 0 0 0 0
P_00473 4 0.001984 0 0 0 0 0 0
P_00474 5 0.001259 0 0 0 0 0 0
P_00474 5 0.002068 0 0 0 0 0 0
P_00476 2 0.003019 0.000004 0 0 0 0 0
P_00476 2 0.001683 0 0 0 0 0 0
P_00476 2 0.001113 0 0 0 0 0 0
P_00476 2 0.001202 0 0 0 0 0 0
P_00476 2 0.002404 0 0 0 0 0 0
P_00476 2 0.001738 0 0 0 0 0 0
P_00476 2 0.001097 0 0 0 0 0 0
P_00476 2 0.003292 0 0 0 0 0 0
P_00479 5 0.001956 0 0 0 0 0 0
P_00479 5 0.002437 0 0 0 0 0 0
P_00480 2 0.001605 0 0 0 0 0 0
P_00480 2 0.000858 0 0 0 0 0 0
P_00480 2 0.001687 0 0 0 0 0 0
P_00480 2 0.001329 0 0 0 0 0 0
P_00480 2 0.001389 0 0 0 0 0 0
P_00480 2 0.001634 0 0 0 0 0 0
P_00484 4 0.001633 0 0 0 0 0 0
P_00484 4 0.003176 0 0 0 0 0 0
P_00486 4 0.001695 0 0 0 0 0 0
P_00486 4 0.001405 0 0 0 0 0 0
P_00491 4 0.001744 0 0 0 0 0 0
P_00502 4 0.002002 0.000002 0 0 0 0 0
P_00502 4 0.00169 0 0 0 0 0 0
P_00503 4 0.001673 0.000001 0 0 0 0 0
P_00503 4 0.003295 0.000003 0 0 0 0 0
P_00505 2 0.001316 0 0 0 0 0 0
P_00505 2 0.001171 0 0 0 0 0 0
P_00505 2 0.002798 0.000002 0 0 0 0 0
P_00505 2 0.001781 0.000002 0 0 0 0 0
P_00505 2 0.001045 0 0 0 0 0 0
P_00505 2 0.001746 0.000002 0 0 0 0 0
P_00505 2 0.001827 0 0 0 0 0 0
P_00506 2 0.000989 0 0 0 0 0 0
P_00506 2 0.001029 0 0 0 0 0 0
P_00508 4 0.001944 0 0 0 0 0 0
P_00508 4 0.002351 0.000001 0 0 0 0 0
P_00510 2 0.004857 0.000005 0 0 0 0 0
P_00510 2 0.002056 0 0 0 0 0 0
P_00510 2 0.001271 0 0 0 0 0 0
P_00510 2 0.001155 0 0 0 0 0 0
P_00510 2 0.001107 0 0 0 0 0 0
P_00510 2 0.002356 0 0 0 0 0 0
P_00510 2 0.001593 0 0 0 0 0 0
P_00510 2 0.001111 0 0 0 0 0 0
P_00510 2 0.003219 0.000004 0 0 0 0 0
P_00510 2 0.000847 0 0 0 0 0 0
P_00510 2 0.001274 0 0 0 0 0 0
P_00510 2 0.002123 0 0 0 0 0 0
P_00519 2 0.001578 0.000001 0 0 0 0 0
P_00519 2 0.001551 0 0 0 0 0 0
P_00520 4 0.001217 0 0 0 0 0 0
P_00520 4 0.000919 0 0 0 0 0 0
P_00522 3 0.00136 0 0 0 0 0 0
P_00522 3 0.001204 0.000001 0 0 0 0 0
P_00523 5 0.001149 0 0 0 0 0 0
P_00523 5 0.001689 0 0 0 0 0 0
P_00527 5 0.001394 0 0 0 0 0 0
P_00529 2 0.001039 0 0 0 0 0 0
P_00529 2 0.00124 0 0 0 0 0 0
P_00529 2 0.001698 0 0 0 0 0 0
P_00529 2 0.002433 0 0 0 0 0 0
P_00529 2 0.001211 0 0 0 0 0 0
P_00530 4 0.001649 0 0 0 0 0 0
P_00530 4 0.000981 0 0 0 0 0 0
P_00531 4 0.0018 0 0 0 0 0 0
P_00531 4 0.001196 0 0 0 0 0 0
P_00534 5 0.00128 0 0 0 0 0 0
P_00534 5 0.00196 0 0 0 0 0 0
P_00538 2 0.001544 0.000001 0 0 0 0 0
P_00538 2 0.001275 0 0 0 0 0 0
P_00538 2 0.001819 0 0 0 0 0 0
P_00538 2 0.001965 0 0 0 0 0 0
P_00539 4 0.001221 0 0 0 0 0 0
P_00539 4 0.001052 0 0 0 0 0 0
P_00539 4 0.001104 0 0 0 0 0 0
P_00539 4 0.002455 0 0 0 0 0 0
P_00539 4 0.001 0 0 0 0 0 0
P_00539 4 0.001 0 0 0 0 0 0
P_00546 4 0.00144 0 0 0 0 0 0
P_00548 4 0.001338 0 0 0 0 0 0
P_00548 4 0.00129 0 0 0 0 0 0
P_00548 4 0.001066 0 0 0 0 0 0
P_00548 4 0.002633 0 0 0 0 0 0
P_00548 4 0.00318 0 0 0 0 0 0
P_00548 4 0.00235 0 0 0 0 0 0
P_00551 4 0.001115 0 0 0 0 0 0
P_00551 4 0.001257 0 0 0 0 0 0
P_00552 4 0.001465 0 0 0 0 0 0
P_00555 2 0.004537 0.000016 0 0 0 0 0
P_00555 2 0.001672 0 0 0 0 0 0
P_00555 2 0.001276 0 0 0 0 0 0
P_00555 2 0.001213 0 0 0 0 0 0
P_00556 4 0.001021 0 0 0 0 0 0
P_00556 4 0.001123 0 0 0 0 0 0
P_00557 4 0.001142 0 0 0 0 0 0
P_00557 4 0.001458 0 0 0 0 0 0
P_00557 2 0.00142 0 0 0 0 0 0
P_00557 2 0.001332 0 0 0 0 0 0
P_00557 2 0.001309 0 0 0 0 0 0
P_00557 2 0.003344 0 0 0 0 0 0
P_00557 2 0.002658 0 0 0 0 0 0
P_00557 2 0.001672 0 0 0 0 0 0
P_00557 2 0.002468 0 0 0 0 0 0
P_00558 4 0.001416 0.000001 0 0 0 0 0
P_00558 4 0.001546 0 0 0 0 0 0
P_00558 4 0.001215 0 0 0 0 0 0
P_00559 4 0.002103 0.000002 0 0 0 0 0
P_00559 4 0.003463 0.000005 0 0 0 0 0
P_00559 4 0.002004 0.000001 0 0 0 0 0
P_00559 4 0.001021 0 0 0 0 0 0
P_00563 4 0.000964 0 0 0 0 0 0
P_00571 4 0.002239 0 0 0 0 0 0
P_00571 4 0.001254 0 0 0 0 0 0
P_00573 5 0.002794 0 0 0 0 0 0
P_00573 5 0.000776 0 0 0 0 0 0
P_00574 5 0.002977 0.000001 0 0 0 0 0
P_00574 5 0.001046 0 0 0 0 0 0
P_00578 4 0.000905 0 0 0 0 0 0
P_00578 4 0.001239 0 0 0 0 0 0
P_00582 5 0.002089 0.000001 0 0 0 0 0
P_00583 4 0.00159 0 0 0 0 0 0
P_00583 4 0.001895 0 0 0 0 0 0
P_00584 5 0.001958 0 0 0 0 0 0
P_00585 4 0.002065 0 0 0 0 0 0
P_00585 4 0.00218 0.000001 0 0 0 0 0
P_00591 5 0.001869 0.000001 0 0 0 0 0
P_00591 5 0.001988 0.000001 0 0 0 0 0
P_00591 5 0.001832 0 0 0 0 0 0
P_00591 5 0.001508 0 0 0 0 0 0
P_00593 4 0.002298 0 0 0 0 0 0
P_00593 4 0.00079 0 0 0 0 0 0
P_00594 4 0.001422 0 0 0 0 0 0
P_00594 4 0.002027 0.000002 0 0 0 0 0
P_00595 4 0.001263 0 0 0 0 0 0
P_00595 4 0.001231 0 0 0 0 0 0
P_00597 3 0.002142 0 0 0 0 0 0
P_00597 3 0.001926 0 0 0 0 0 0
P_00600 4 0.001552 0 0 0 0 0 0
P_00600 4 0.001001 0 0 0 0 0 0
P_00600 4 0.001039 0 0 0 0 0 0
P_00600 4 0.001488 0 0 0 0 0 0
P_00601 5 0.001438 0.000001 0 0 0 0 0
P_00601 5 0.001815 0 0 0 0 0 0
P_00606 4 0.001225 0.000001 0 0 0 0 0
P_00606 4 0.002273 0.000001 0 0 0 0 0
P_00609 4 0.002255 0 0 0 0 0 0
P_00609 4 0.001094 0 0 0 0 0 0
P_00613 2 0.00108 0 0 0 0 0 0
P_00613 2 0.00111 0 0 0 0 0 0
P_00621 4 0.002043 0 0 0 0 0 0
P_00621 4 0.001088 0 0 0 0 0 0
P_00624 0 0.00178 0 0 0 0 0 0
P_00624 0 0.001221 0 0 0 0 0 0
P_00624 0 0.001102 0 0 0 0 0 0
P_00624 0 0.001792 0 0 0 0 0 0
P_00625 4 0.001202 0 0 0 0 0 0
P_00627 4 0.001085 0 0 0 0 0 0
P_00631 4 0.001377 0 0 0 0 0 0
P_00631 4 0.001108 0 0 0 0 0 0
P_00633 4 0.001085 0 0 0 0 0 0
P_00635 2 0.002163 0 0 0 0 0 0
P_00635 2 0.001229 0.000001 0 0 0 0 0
P_00635 2 0.001558 0 0 0 0 0 0
P_00635 2 0.001829 0.000001 0 0 0 0 0
P_00635 2 0.005471 0.000025 0 0 0 0 0
P_00635 2 0.002497 0 0 0 0 0 0
P_00638 4 0.00112 0 0 0 0 0 0
P_00638 4 0.00099 0 0 0 0 0 0
P_00639 4 0.001445 0 0 0 0 0 0
P_00639 4 0.001153 0 0 0 0 0 0
P_00642 2 0.000934 0 0 0 0 0 0
P_00642 2 0.002276 0 0 0 0 0 0
P_00642 4 0.003187 0 0 0 0 0 0
P_00642 4 0.002016 0 0 0 0 0 0
P_00645 4 0.001959 0 0 0 0 0 0
P_00647 4 0.000961 0 0 0 0 0 0
P_00647 4 0.001516 0 0 0 0 0 0
P_00652 4 0.001704 0 0 0 0 0 0
P_00652 4 0.001228 0 0 0 0 0 0
P_00654 5 0.001432 0 0 0 0 0 0
P_00654 4 0.001105 0 0 0 0 0 0
P_00655 4 0.001142 0 0 0 0 0 0
P_00655 4 0.001431 0.000001 0 0 0 0 0
P_00658 5 0.001208 0 0 0 0 0 0
P_00658 5 0.001048 0 0 0 0 0 0
P_00664 5 0.002167 0.000004 0 0 0 0 0
P_00664 5 0.002119 0 0 0 0 0 0
P_00666 3 0.002369 0.000002 0 0 0 0 0
P_00666 3 0.002266 0 0 0 0 0 0
P_00666 3 0.001376 0 0 0 0 0 0
P_00666 4 0.001897 0 0 0 0 0 0
P_00666 3 0.001933 0 0 0 0 0 0
P_00666 4 0.00105 0 0 0 0 0 0
P_00667 4 0.000898 0 0 0 0 0 0
P_00667 4 0.001302 0 0 0 0 0 0
P_00669 4 0.001591 0 0 0 0 0 0
P_00669 4 0.001055 0 0 0 0 0 0
P_00673 2 0.004084 0.000013 0 0 0 0 0
P_00673 2 0.00143 0 0 0 0 0 0
P_00674 2 0.001782 0 0 0 0 0 0
P_00674 2 0.001579 0 0 0 0 0 0
P_00680 2 0.001103 0 0 0 0 0 0
P_00680 2 0.001133 0 0 0 0 0 0
P_00680 2 0.00286 0 0 0 0 0 0
P_00680 2 0.001561 0 0 0 0 0 0
P_00682 4 0.001344 0 0 0 0 0 0
P_00682 4 0.001119 0 0 0 0 0 0
P_00683 4 0.000946 0 0 0 0 0 0
P_00683 4 0.001963 0 0 0 0 0 0
P_00684 5 0.001231 0 0 0 0 0 0
P_00684 5 0.001373 0 0 0 0 0 0
P_00685 4 0.001581 0 0 0 0 0 0
P_00685 5 0.002027 0 0 0 0 0 0
P_00693 5 0.000961 0 0 0 0 0 0
P_00693 5 0.004227 0 0 0 0 0 0
P_00701 4 0.002072 0 0 0 0 0 0
P_00701 4 0.001548 0 0 0 0 0 0
P_00704 4 0.002357 0 0 0 0 0 0
P_00704 4 0.001546 0.000001 0 0 0 0 0
P_00705 2 0.001467 0 0 0 0 0 0
P_00705 2 0.002233 0 0 0 0 0 0
P_00705 2 0.001085 0 0 0 0 0 0
P_00705 2 0.001188 0 0 0 0 0 0
P_00709 4 0.001293 0 0 0 0 0 0
P_00709 4 0.001029 0 0 0 0 0 0
P_00710 4 0.001082 0 0 0 0 0 0
P_00710 4 0.00133 0 0 0 0 0 0
P_00712 4 0.002069 0 0 0 0 0 0
P_00712 4 0.001241 0 0 0 0 0 0
P_00713 4 0.001212 0 0 0 0 0 0
P_00725 4 0.000999 0 0 0 0 0 0
P_00725 4 0.002658 0.000005 0 0 0 0 0
P_00729 4 0.000976 0 0 0 0 0 0
P_00729 4 0.001581 0 0 0 0 0 0
P_00734 4 0.00182 0.000001 0 0 0 0 0
P_00734 5 0.001463 0 0 0 0 0 0
P_00735 4 0.001585 0 0 0 0 0 0
P_00735 4 0.001223 0 0 0 0 0 0
P_00736 4 0.001762 0 0 0 0 0 0
P_00736 4 0.000962 0 0 0 0 0 0
P_00743 4 0.001657 0 0 0 0 0 0
P_00743 4 0.001036 0 0 0 0 0 0
P_00744 2 0.001235 0 0 0 0 0 0
P_00744 2 0.001876 0 0 0 0 0 0
P_00750 2 0.001528 0 0 0 0 0 0
P_00750 2 0.001901 0 0 0 0 0 0
P_00750 2 0.00149 0 0 0 0 0 0
P_00750 2 0.001138 0 0 0 0 0 0
P_00750 2 0.00131 0 0 0 0 0 0
P_00750 2 0.001636 0 0 0 0 0 0
P_00751 4 0.00174 0 0 0 0 0 0
P_00757 4 0.001831 0 0 0 0 0 0
P_00759 4 0.001276 0 0 0 0 0 0
P_00759 4 0.000898 0 0 0 0 0 0
P_00759 4 0.000935 0 0 0 0 0 0
P_00759 4 0.001789 0 0 0 0 0 0
P_00761 3 0.003183 0 0 0 0 0 0
P_00761 4 0.001058 0 0 0 0 0 0
P_00767 2 0.001342 0 0 0 0 0 0
P_00767 2 0.00109 0 0 0 0 0 0
P_00767 2 0.001338 0 0 0 0 0 0
P_00767 2 0.001252 0 0 0 0 0 0
P_00768 4 0.001292 0 0 0 0 0 0
P_00768 4 0.002939 0 0 0 0 0 0
P_00771 4 0.001887 0 0 0 0 0 0
P_00771 4 0.001508 0 0 0 0 0 0
P_00772 4 0.001956 0 0 0 0 0 0
P_00772 4 0.001542 0 0 0 0 0 0
P_00778 4 0.002504 0 0 0 0 0 0
P_00778 4 0.000918 0 0 0 0 0 0
P_00780 2 0.000986 0 0 0 0 0 0
P_00780 2 0.000898 0 0 0 0 0 0
P_00780 2 0.001051 0 0 0 0 0 0
P_00780 2 0.001097 0 0 0 0 0 0
P_00780 2 0.000937 0 0 0 0 0 0
P_00780 2 0.001158 0 0 0 0 0 0
P_00780 2 0.000969 0 0 0 0 0 0
P_00780 2 0.001143 0 0 0 0 0 0
P_00780 2 0.001837 0 0 0 0 0 0
P_00780 2 0.000908 0 0 0 0 0 0
P_00780 2 0.001665 0 0 0 0 0 0
P_00780 2 0.000926 0 0 0 0 0 0
P_00780 2 0.000879 0 0 0 0 0 0
P_00780 2 0.001242 0 0 0 0 0 0
P_00784 5 0.001247 0 0 0 0 0 0
P_00784 5 0.001075 0 0 0 0 0 0
P_00787 4 0.001213 0 0 0 0 0 0
P_00787 4 0.001987 0 0 0 0 0 0
P_00792 4 0.00103 0 0 0 0 0 0
P_00792 4 0.002665 0.000001 0 0 0 0 0
P_00793 4 0.000906 0 0 0 0 0 0
P_00793 4 0.001737 0 0 0 0 0 0
P_00799 2 0.001119 0 0 0 0 0 0
P_00799 2 0.001091 0 0 0 0 0 0
P_00799 2 0.001385 0 0 0 0 0 0
P_00799 2 0.001041 0 0 0 0 0 0
P_00806 4 0.001342 0 0 0 0 0 0
P_00806 4 0.001026 0 0 0 0 0 0
P_00808 4 0.001936 0 0 0 0 0 0
P_00809 4 0.001739 0 0 0 0 0 0
P_00809 4 0.001156 0 0 0 0 0 0
P_00812 2 0.000954 0 0 0 0 0 0
P_00812 2 0.001963 0 0 0 0 0 0
P_00814 3 0.001534 0 0 0 0 0 0
P_00814 3 0.001386 0 0 0 0 0 0
P_00814 3 0.001611 0 0 0 0 0 0
P_00814 3 0.00088 0 0 0 0 0 0
P_00819 4 0.001938 0 0 0 0 0 0
P_00819 4 0.001117 0 0 0 0 0 0
P_00824 4 0.001509 0 0 0 0 0 0
P_00824 4 0.001626 0 0 0 0 0 0
P_00825 4 0.001398 0 0 0 0 0 0
P_00832 5 0.002441 0 0 0 0 0 0
P_00832 5 0.002453 0 0 0 0 0 0
P_00833 3 0.001963 0 0 0 0 0 0
P_00833 4 0.001568 0 0 0 0 0 0
P_00834 4 0.001538 0 0 0 0 0 0
P_00834 4 0.001323 0 0 0 0 0 0
P_00835 4 0.002603 0 0 0 0 0 0
P_00835 4 0.001585 0 0 0 0 0 0
P_00840 2 0.001993 0 0 0 0 0 0
P_00840 2 0.00131 0 0 0 0 0 0
P_00842 4 0.001377 0 0 0 0 0 0
P_00842 4 0.001351 0 0 0 0 0 0
P_00846 4 0.001081 0 0 0 0 0 0
P_00846 4 0.001106 0 0 0 0 0 0
P_00847 4 0.001867 0.000001 0 0 0 0 0
P_00847 4 0.000932 0 0 0 0 0 0
P_00852 4 0.002269 0 0 0 0 0 0
P_00852 4 0.001073 0 0 0 0 0 0
P_00854 4 0.001212 0 0 0 0 0 0
P_00854 4 0.000956 0 0 0 0 0 0
P_00855 2 0.001458 0 0 0 0 0 0
P_00856 4 0.00107 0 0 0 0 0 0
P_00858 2 0.001218 0 0 0 0 0 0
P_00858 2 0.001578 0 0 0 0 0 0
P_00858 4 0.001223 0 0 0 0 0 0
P_00858 3 0.002011 0 0 0 0 0 0
P_00858 3 0.001335 0.000001 0 0 0 0 0
P_00858 4 0.001213 0 0 0 0 0 0
P_00861 4 0.003024 0.000001 0 0 0 0 0
P_00861 4 0.003127 0.000008 0 0 0 0 0
P_00862 4 0.013299 0.000139 0 0.000001 0 0 0
P_00862 4 0.002356 0 0 0 0 0 0
P_00864 4 0.001126 0 0 0 0 0 0
P_00864 4 0.001008 0 0 0 0 0 0
P_00866 4 0.00114 0 0 0 0 0 0
P_00866 4 0.001629 0 0 0 0 0 0
P_00868 4 0.002168 0 0 0 0 0 0
P_00868 4 0.001514 0 0 0 0 0 0
P_00877 4 0.000845 0 0 0 0 0 0
P_00877 4 0.001688 0 0 0 0 0 0
P_00877 4 0.001025 0 0 0 0 0 0
P_00877 4 0.002106 0.000001 0 0 0 0 0
P_00878 2 0.001289 0 0 0 0 0 0
P_00878 2 0.001538 0 0 0 0 0 0
P_00880 4 0.000952 0 0 0 0 0 0
P_00882 4 0.000981 0 0 0 0 0 0
P_00882 4 0.001518 0 0 0 0 0 0
P_00883 5 0.001199 0 0 0 0 0 0
P_00883 5 0.002875 0.000006 0 0 0 0 0
P_00890 4 0.00224 0 0 0 0 0 0
P_00895 2 0.003825 0.000009 0 0 0 0 0
P_00895 2 0.002308 0 0 0 0 0 0
P_00897 4 0.000957 0 0 0 0 0 0
P_00897 4 0.00096 0 0 0 0 0 0
P_00899 4 0.001179 0 0 0 0 0 0
P_00899 4 0.001629 0 0 0 0 0 0
P_00909 4 0.002873 0 0 0 0 0 0
P_00912 4 0.002514 0.000001 0 0 0 0 0
P_00912 4 0.00452 0.000013 0 0 0 0 0
P_00916 3 0.001083 0 0 0 0 0 0
P_00923 4 0.001179 0 0 0 0 0 0
P_00923 4 0.001667 0 0 0 0 0 0
P_00924 2 0.001214 0 0 0 0 0 0
P_00924 2 0.001225 0 0 0 0 0 0
P_00924 2 0.001249 0 0 0 0 0 0
P_00924 2 0.001722 0 0 0 0 0 0
P_00924 2 0.001244 0 0 0 0 0 0
P_00924 2 0.001506 0 0 0 0 0 0
P_00924 2 0.001135 0 0 0 0 0 0
P_00924 2 0.000916 0 0 0 0 0 0
P_00925 5 0.001463 0 0 0 0 0 0
P_00925 5 0.00173 0 0 0 0 0 0
P_00926 4 0.001142 0 0 0 0 0 0
P_00926 4 0.001487 0 0 0 0 0 0
P_00930 4 0.001854 0 0 0 0 0 0
P_00930 4 0.001461 0 0 0 0 0 0
P_00933 4 0.001413 0 0 0 0 0 0
P_00933 4 0.001479 0 0 0 0 0 0
P_00937 5 0.001193 0 0 0 0 0 0
P_00937 5 0.001365 0 0 0 0 0 0
P_00937 4 0.001438 0 0 0 0 0 0
P_00937 4 0.001248 0 0 0 0 0 0
P_00937 4 0.001645 0 0 0 0 0 0
P_00937 4 0.001424 0 0 0 0 0 0
P_00944 3 0.001055 0 0 0 0 0 0
P_00944 3 0.001801 0 0 0 0 0 0
P_00945 4 0.000999 0 0 0 0 0 0
P_00945 4 0.00192 0 0 0 0 0 0
P_00953 3 0.000843 0 0 0 0 0 0
P_00953 3 0.001463 0 0 0 0 0 0
P_00954 5 0.001413 0 0 0 0 0 0
P_00954 5 0.00123 0 0 0 0 0 0
P_00955 4 0.001418 0 0 0 0 0 0
P_00955 4 0.001898 0 0 0 0 0 0
P_00956 4 0.000941 0 0 0 0 0 0
P_00960 4 0.001363 0 0 0 0 0 0
P_00960 4 0.001059 0 0 0 0 0 0
P_00965 4 0.000753 0 0 0 0 0 0
P_00965 4 0.000886 0 0 0 0 0 0
P_00967 5 0.001449 0 0 0 0 0 0
P_00967 5 0.000956 0 0 0 0 0 0
P_00969 4 0.001125 0 0 0 0 0 0
P_00969 4 0.001615 0 0 0 0 0 0
P_00969 4 0.004038 0.000008 0 0 0 0 0
P_00969 4 0.00105 0 0 0 0 0 0
P_00971 4 0.001422 0 0 0 0 0 0
P_00973 4 0.001274 0 0 0 0 0 0
P_00973 4 0.00103 0 0 0 0 0 0
P_00977 4 0.001129 0 0 0 0 0 0
P_00978 4 0.001083 0 0 0 0 0 0
P_00978 4 0.001263 0 0 0 0 0 0
P_00981 4 0.00287 0 0 0 0 0 0
P_00981 4 0.001781 0 0 0 0 0 0
P_00983 4 0.002058 0.000002 0 0 0 0 0
P_00989 3 0.001889 0 0 0 0 0 0
P_00989 3 0.001029 0 0 0 0 0 0
P_00989 3 0.001004 0 0 0 0 0 0
P_00991 2 0.001695 0.000001 0 0 0 0 0
P_00991 2 0.001403 0 0 0 0 0 0
P_00992 2 0.001124 0 0 0 0 0 0
P_00992 2 0.000851 0 0 0 0 0 0
P_00992 5 0.000892 0 0 0 0 0 0
P_00992 5 0.001199 0 0 0 0 0 0
P_00993 4 0.002417 0 0 0 0 0 0
P_00993 4 0.001606 0 0 0 0 0 0
P_00998 4 0.001541 0 0 0 0 0 0
P_01002 5 0.001306 0 0 0 0 0 0
P_01002 5 0.001417 0 0 0 0 0 0
P_01003 2 0.00194 0 0 0 0 0 0
P_01003 2 0.001408 0 0 0 0 0 0
P_01010 4 0.000845 0 0 0 0 0 0
P_01015 4 0.001538 0.000002 0 0 0 0 0
P_01015 4 0.002267 0 0 0 0 0 0
P_01016 4 0.001409 0 0 0 0 0 0
P_01019 0 0.001188 0 0 0 0 0 0
P_01019 0 0.001605 0.000001 0 0 0 0 0
P_01029 2 0.000938 0 0 0 0 0 0
P_01029 2 0.002061 0.000001 0 0 0 0 0
P_01029 2 0.001761 0 0 0 0 0 0
P_01029 2 0.001701 0.000001 0 0 0 0 0
P_01029 2 0.001254 0 0 0 0 0 0
P_01029 2 0.001653 0 0 0 0 0 0
P_01029 2 0.001113 0 0 0 0 0 0
P_01029 2 0.001397 0 0 0 0 0 0
P_01033 4 0.001964 0.000002 0 0 0 0 0
P_01033 4 0.001375 0 0 0 0 0 0
P_01034 4 0.001625 0 0 0 0 0 0
P_01034 4 0.002754 0 0 0 0 0 0
P_01034 4 0.001197 0 0 0 0 0 0
P_01034 4 0.001339 0 0 0 0 0 0
P_01034 4 0.002519 0.000001 0 0 0 0 0
P_01037 4 0.001766 0 0 0 0 0 0
P_01037 4 0.00139 0 0 0 0 0 0
P_01040 4 0.001143 0 0 0 0 0 0
P_01040 4 0.00202 0 0 0 0 0 0
P_01041 4 0.001243 0 0 0 0 0 0
P_01041 4 0.000828 0 0 0 0 0 0
P_01043 4 0.001645 0 0 0 0 0 0
P_01043 4 0.001506 0 0 0 0 0 0
P_01045 4 0.001497 0 0 0 0 0 0
P_01045 4 0.005531 0.000006 0 0 0 0 0
P_01046 4 0.00231 0.000001 0 0 0 0 0
P_01046 4 0.001402 0 0 0 0 0 0
P_01049 2 0.00271 0 0 0 0 0 0
P_01049 2 0.001698 0 0 0 0 0 0
P_01053 4 0.00146 0 0 0 0 0 0
P_01053 4 0.001958 0 0 0 0 0 0
P_01056 4 0.00132 0 0 0 0 0 0
P_01056 4 0.001818 0 0 0 0 0 0
P_01059 4 0.00239 0 0 0 0 0 0
P_01059 4 0.002519 0.000003 0 0 0 0 0
P_01060 4 0.00096 0 0 0 0 0 0
P_01060 4 0.001051 0 0 0 0 0 0
P_01063 4 0.001136 0 0 0 0 0 0
P_01064 4 0.001049 0 0 0 0 0 0
P_01065 5 0.001022 0 0 0 0 0 0
P_01065 5 0.001143 0 0 0 0 0 0
P_01066 4 0.001389 0 0 0 0 0 0
P_01066 4 0.001501 0 0 0 0 0 0
P_01069 2 0.002337 0 0 0 0 0 0
P_01069 2 0.002263 0 0 0 0 0 0
P_01069 2 0.001038 0 0 0 0 0 0
P_01069 2 0.001158 0 0 0 0 0 0
P_01072 4 0.00143 0 0 0 0 0 0
P_01072 4 0.00115 0 0 0 0 0 0
P_01073 3 0.00133 0 0 0 0 0 0
P_01073 3 0.001945 0 0 0 0 0 0
P_01084 4 0.00128 0 0 0 0 0 0
P_01084 4 0.00116 0 0 0 0 0 0
P_01084 4 0.001337 0 0 0 0 0 0
P_01087 5 0.001007 0 0 0 0 0 0
P_01091 5 0.001979 0 0 0 0 0 0
P_01094 0 0.001621 0.000001 0 0 0 0 0
P_01094 0 0.001884 0 0 0 0 0 0
P_01095 4 0.002242 0.000002 0 0 0 0 0
P_01095 4 0.001565 0 0 0 0 0 0
P_01099 2 0.002045 0.000001 0 0 0 0 0
P_01099 2 0.00094 0 0 0 0 0 0
P_01099 2 0.001263 0 0 0 0 0 0
P_01099 2 0.001239 0 0 0 0 0 0
P_01099 2 0.001335 0 0 0 0 0 0
P_01099 2 0.001287 0 0 0 0 0 0
P_01099 2 0.001384 0 0 0 0 0 0
P_01099 2 0.002024 0 0 0 0 0 0
P_01099 2 0.000985 0 0 0 0 0 0
P_01099 2 0.002878 0.000001 0 0 0 0 0
P_01099 2 0.003122 0.000001 0 0 0 0 0
P_01099 2 0.001568 0 0 0 0 0 0
P_01099 2 0.002608 0 0 0 0 0 0
P_01099 2 0.000884 0 0 0 0 0 0
P_01099 2 0.000984 0 0 0 0 0 0
P_01099 2 0.001329 0 0 0 0 0 0
P_01100 4 0.002248 0 0 0 0 0 0
P_01100 4 0.001019 0 0 0 0 0 0
P_01102 2 0.002148 0 0 0 0 0 0
P_01102 2 0.001079 0 0 0 0 0 0
P_01107 4 0.001588 0 0 0 0 0 0
P_01108 5 0.001904 0.000001 0 0 0 0 0
P_01108 5 0.00163 0 0 0 0 0 0
P_01111 4 0.002003 0 0 0 0 0 0
P_01111 4 0.002121 0 0 0 0 0 0
P_01116 4 0.001091 0 0 0 0 0 0
P_01116 4 0.001121 0 0 0 0 0 0
P_01121 4 0.00142 0 0 0 0 0 0
P_01122 5 0.001336 0 0 0 0 0 0
P_01126 4 0.003051 0 0 0 0 0 0
P_01126 4 0.000966 0 0 0 0 0 0
P_01127 4 0.00115 0 0 0 0 0 0
P_01127 4 0.002662 0 0 0 0 0 0
P_01128 4 0.002783 0 0 0 0 0 0
P_01128 4 0.001618 0 0 0 0 0 0
P_01129 4 0.001139 0 0 0 0 0 0
P_01129 4 0.002474 0 0 0 0 0 0
P_01135 3 0.001571 0 0 0 0 0 0
P_01135 3 0.000905 0 0 0 0 0 0
P_01136 5 0.001877 0 0 0 0 0 0
P_01136 5 0.001454 0 0 0 0 0 0
P_01137 4 0.001793 0 0 0 0 0 0
P_01137 4 0.001818 0.000001 0 0 0 0 0
P_01139 4 0.001107 0 0 0 0 0 0
P_01139 4 0.001206 0.000001 0 0 0 0 0
P_01143 4 0.0027 0.000001 0 0 0 0 0
P_01156 4 0.002304 0 0 0 0 0 0
P_01156 4 0.001576 0 0 0 0 0 0
P_01156 4 0.001082 0 0 0 0 0 0
P_01156 4 0.000826 0 0 0 0 0 0
P_01159 3 0.001027 0 0 0 0 0 0
P_01159 4 0.001613 0 0 0 0 0 0
P_01160 4 0.001107 0 0 0 0 0 0
P_01160 4 0.002004 0 0 0 0 0 0
P_01160 4 0.001799 0 0 0 0 0 0
P_01160 4 0.00173 0 0 0 0 0 0
P_01160 4 0.00269 0 0 0 0 0 0
P_01161 4 0.001771 0 0 0 0 0 0
P_01161 4 0.000994 0 0 0 0 0 0
P_01166 4 0.001289 0 0 0 0 0 0
P_01166 4 0.001088 0 0 0 0 0 0
P_01169 2 0.001533 0.000001 0 0 0 0 0
P_01169 2 0.001059 0 0 0 0 0 0
P_01169 2 0.001867 0 0 0 0 0 0
P_01169 2 0.002282 0 0 0 0 0 0
P_01169 2 0.00263 0 0 0 0 0 0
P_01169 2 0.001371 0 0 0 0 0 0
P_01170 4 0.001273 0 0 0 0 0 0
P_01170 4 0.001069 0 0 0 0 0 0
P_01172 4 0.001244 0 0 0 0 0 0
P_01172 4 0.002077 0.000001 0 0 0 0 0
P_01180 5 0.001408 0 0 0 0 0 0
P_01180 5 0.002467 0.000004 0 0 0 0 0
P_01184 4 0.001727 0 0 0 0 0 0
P_01184 4 0.002326 0.000001 0 0 0 0 0
P_01186 4 0.001145 0 0 0 0 0 0
P_01186 4 0.001596 0 0 0 0 0 0
P_01188 5 0.001594 0 0 0 0 0 0
P_01188 5 0.001025 0 0 0 0 0 0
P_01193 4 0.001502 0 0 0 0 0 0
P_01196 4 0.001957 0 0 0 0 0 0
P_01197 0 0.000896 0 0 0 0 0 0
P_01197 0 0.0022 0 0 0 0 0 0
P_01198 5 0.001259 0 0 0 0 0 0
P_01198 5 0.001421 0.000001 0 0 0 0 0
P_01200 2 0.001642 0 0 0 0 0 0
P_01200 2 0.000937 0 0 0 0 0 0
P_01200 4 0.001365 0 0 0 0 0 0
P_01205 4 0.00137 0 0 0 0 0 0
P_01205 4 0.001036 0 0 0 0 0 0
P_01219 4 0.000916 0 0 0 0 0 0
P_01219 4 0.001213 0 0 0 0 0 0
P_01220 4 0.001033 0 0 0 0 0 0
P_01220 4 0.001345 0 0 0 0 0 0
P_01227 4 0.001565 0 0 0 0 0 0
P_01227 4 0.002312 0 0 0 0 0 0
P_01229 4 0.001556 0 0 0 0 0 0
P_01229 4 0.002113 0.000001 0 0 0 0 0
P_01234 4 0.001205 0 0 0 0 0 0
P_01234 4 0.000882 0 0 0 0 0 0
P_01240 4 0.00147 0 0 0 0 0 0
P_01246 4 0.001158 0 0 0 0 0 0
P_01249 4 0.001289 0 0 0 0 0 0
P_01249 4 0.001105 0 0 0 0 0 0
P_01250 4 0.001425 0 0 0 0 0 0
P_01250 4 0.003084 0.000001 0 0 0 0 0
P_01252 5 0.001687 0 0 0 0 0 0
P_01252 5 0.003742 0.000006 0 0 0 0 0
P_01255 4 0.002768 0.000001 0 0 0 0 0
P_01255 4 0.00094 0 0 0 0 0 0
P_01256 4 0.001732 0 0 0 0 0 0
P_01256 4 0.002282 0 0 0 0 0 0
P_01259 4 0.001641 0 0 0 0 0 0
P_01259 4 0.002049 0 0 0 0 0 0
P_01262 5 0.001307 0 0 0 0 0 0
P_01262 5 0.001322 0 0 0 0 0 0
P_01262 5 0.001143 0 0 0 0 0 0
P_01262 5 0.002371 0 0 0 0 0 0
P_01262 5 0.000993 0 0 0 0 0 0
P_01264 4 0.001034 0 0 0 0 0 0
P_01274 2 0.001803 0 0 0 0 0 0
P_01274 2 0.001272 0 0 0 0 0 0
P_01274 2 0.00111 0 0 0 0 0 0
P_01274 2 0.001331 0 0 0 0 0 0
P_01274 2 0.001674 0 0 0 0 0 0
P_01274 2 0.00126 0 0 0 0 0 0
P_01275 4 0.001548 0 0 0 0 0 0
P_01275 4 0.001209 0 0 0 0 0 0
P_01276 2 0.001954 0 0 0 0 0 0
P_01276 2 0.002131 0 0 0 0 0 0
P_01276 4 0.001182 0 0 0 0 0 0
P_01276 3 0.001453 0 0 0 0 0 0
P_01276 4 0.000927 0 0 0 0 0 0
P_01276 3 0.001111 0 0 0 0 0 0
P_01284 5 0.001508 0 0 0 0 0 0
P_01284 4 0.002804 0 0 0 0 0 0
P_01286 4 0.002276 0.000002 0 0 0 0 0
P_01286 4 0.001106 0 0 0 0 0 0
P_01288 4 0.001735 0 0 0 0 0 0
P_01291 5 0.001329 0 0 0 0 0 0
P_01291 5 0.001197 0 0 0 0 0 0
P_01292 3 0.001317 0 0 0 0 0 0
P_01292 3 0.001633 0 0 0 0 0 0
P_01292 3 0.000979 0 0 0 0 0 0
P_01292 3 0.001259 0 0 0 0 0 0
P_01292 3 0.002212 0 0 0 0 0 0
P_01292 3 0.004399 0.000009 0 0 0 0 0
P_01293 4 0.004624 0.000017 0 0 0 0 0
P_01293 4 0.001126 0 0 0 0 0 0
P_01296 5 0.000979 0 0 0 0 0 0
P_01296 5 0.001369 0 0 0 0 0 0
P_01297 4 0.001042 0 0 0 0 0 0
P_01297 3 0.001126 0 0 0 0 0 0
P_01300 5 0.001101 0 0 0 0 0 0
P_01300 5 0.000997 0 0 0 0 0 0
P_01300 5 0.001228 0 0 0 0 0 0
P_01300 5 0.001123 0 0 0 0 0 0
P_01300 5 0.001243 0 0 0 0 0 0
P_01306 2 0.001146 0 0 0 0 0 0
P_01306 2 0.001855 0 0 0 0 0 0
P_01306 2 0.001813 0 0 0 0 0 0
P_01306 2 0.002039 0 0 0 0 0 0
P_01306 2 0.001505 0 0 0 0 0 0
P_01306 2 0.000987 0 0 0 0 0 0
P_01307 4 0.001065 0 0 0 0 0 0
P_01307 4 0.001526 0 0 0 0 0 0
P_01309 4 0.002276 0 0 0 0 0 0
P_01309 4 0.00229 0 0 0 0 0 0
P_01313 4 0.001674 0 0 0 0 0 0
P_01313 4 0.001206 0 0 0 0 0 0
P_01314 4 0.000813 0 0 0 0 0 0
P_01314 4 0.000902 0 0 0 0 0 0
P_01315 4 0.00381 0.000003 0 0 0 0 0
P_01315 4 0.000897 0 0 0 0 0 0
P_01319 4 0.001684 0 0 0 0 0 0
P_01319 4 0.004685 0.000012 0 0 0 0 0
P_01321 5 0.001741 0 0 0 0 0 0
P_01321 5 0.001381 0.000001 0 0 0 0 0
P_01321 5 0.001321 0 0 0 0 0 0
P_01321 5 0.002041 0.000001 0 0 0 0 0
P_01321 5 0.001361 0 0 0 0 0 0
P_01334 4 0.002206 0.000002 0 0 0 0 0
P_01334 4 0.000975 0 0 0 0 0 0
P_01334 4 0.002485 0 0 0 0 0 0
P_01334 4 0.002144 0.000001 0 0 0 0 0
P_01336 2 0.002138 0 0 0 0 0 0
P_01336 2 0.001864 0 0 0 0 0 0
P_01336 2 0.001618 0 0 0 0 0 0
P_01336 2 0.001092 0 0 0 0 0 0
P_01336 2 0.00179 0 0 0 0 0 0
P_01336 2 0.001086 0 0 0 0 0 0
P_01336 2 0.001267 0 0 0 0 0 0
P_01336 2 0.001395 0 0 0 0 0 0
P_01336 2 0.000961 0 0 0 0 0 0
P_01336 2 0.001303 0 0 0 0 0 0
P_01337 2 0.002662 0 0 0 0 0 0
P_01337 2 0.001926 0.000001 0 0 0 0 0
P_01338 4 0.001636 0 0 0 0 0 0
P_01338 4 0.002167 0 0 0 0 0 0
P_01339 4 0.001723 0 0 0 0 0 0
P_01339 4 0.001542 0 0 0 0 0 0
P_01342 4 0.001974 0 0 0 0 0 0
P_01342 4 0.001175 0 0 0 0 0 0
P_01345 4 0.003008 0 0 0 0 0 0
P_01346 5 0.00101 0 0 0 0 0 0
P_01346 5 0.001333 0 0 0 0 0 0
P_01358 5 0.001673 0 0 0 0 0 0
P_01358 5 0.002223 0 0 0 0 0 0
P_01359 5 0.002605 0.000001 0 0 0 0 0
P_01359 5 0.001152 0 0 0 0 0 0
P_01361 5 0.001218 0 0 0 0 0 0
P_01361 5 0.002031 0 0 0 0 0 0
P_01362 4 0.00121 0 0 0 0 0 0
P_01362 4 0.002903 0.000004 0 0 0 0 0
P_01365 4 0.001264 0 0 0 0 0 0
P_01365 4 0.000834 0 0 0 0 0 0
P_01366 3 0.00108 0 0 0 0 0 0
P_01369 4 0.001518 0 0 0 0 0 0
P_01370 5 0.0009 0 0 0 0 0 0
P_01370 5 0.001432 0 0 0 0 0 0
P_01375 4 0.00126 0 0 0 0 0 0
P_01375 4 0.003137 0.000001 0 0 0 0 0
P_01384 4 0.001323 0 0 0 0 0 0
P_01385 4 0.001003 0 0 0 0 0 0
P_01385 4 0.001292 0 0 0 0 0 0
P_01387 4 0.001096 0 0 0 0 0 0
P_01387 4 0.00115 0 0 0 0 0 0
P_01392 3 0.001144 0 0 0 0 0 0
P_01392 3 0.001688 0.000001 0 0 0 0 0
P_01397 5 0.002417 0.000001 0 0 0 0 0
P_01397 5 0.000949 0 0 0 0 0 0
P_01400 4 0.002734 0.000002 0 0 0 0 0
P_01400 4 0.0016 0.000001 0 0 0 0 0
P_01401 4 0.001458 0 0 0 0 0 0
P_01401 4 0.008352 0.000011 0 0 0 0 0
P_01406 4 0.001764 0 0 0 0 0 0
P_01406 4 0.00089 0 0 0 0 0 0
P_01408 2 0.00105 0 0 0 0 0 0
P_01408 2 0.001662 0 0 0 0 0 0
P_01408 2 0.002537 0 0 0 0 0 0
P_01408 2 0.001532 0 0 0 0 0 0
P_01408 2 0.00107 0 0 0 0 0 0
P_01408 2 0.001209 0 0 0 0 0 0
P_01408 2 0.001056 0 0 0 0 0 0
P_01408 2 0.001672 0 0 0 0 0 0
P_01408 2 0.001372 0 0 0 0 0 0
P_01408 2 0.001871 0 0 0 0 0 0
P_01408 2 0.002244 0 0 0 0 0 0
P_01409 4 0.00132 0.000001 0 0 0 0 0
P_01409 4 0.000927 0 0 0 0 0 0
P_01409 4 0.001583 0 0 0 0 0 0
P_01409 4 0.001478 0 0 0 0 0 0
P_01409 2 0.001169 0 0 0 0 0 0
P_01409 2 0.002479 0 0 0 0 0 0
P_01410 4 0.001736 0 0 0 0 0 0
P_01410 4 0.000914 0 0 0 0 0 0
P_01420 4 0.000896 0 0 0 0 0 0
P_01420 4 0.00159 0.000001 0 0 0 0 0
P_01422 4 0.002384 0 0 0 0 0 0
P_01422 4 0.001647 0.000001 0 0 0 0 0
P_01424 4 0.000967 0 0 0 0 0 0
P_01424 4 0.00142 0 0 0 0 0 0
P_01435 2 0.001087 0 0 0 0 0 0
P_01435 2 0.001308 0 0 0 0 0 0
P_01435 2 0.001314 0 0 0 0 0 0
P_01435 2 0.001274 0.000001 0 0 0 0 0
P_01435 2 0.001404 0 0 0 0 0 0
P_01436 4 0.001846 0 0 0 0 0 0
P_01436 4 0.001074 0 0 0 0 0 0
P_01437 2 0.001088 0 0 0 0 0 0
P_01437 2 0.002259 0 0 0 0 0 0
P_01437 2 0.001011 0 0 0 0 0 0
P_01437 2 0.000955 0 0 0 0 0 0
P_01437 2 0.000902 0 0 0 0 0 0
P_01437 2 0.00108 0 0 0 0 0 0
P_01437 2 0.001296 0 0 0 0 0 0
P_01437 2 0.001748 0 0 0 0 0 0
P_01437 2 0.00104 0 0 0 0 0 0
P_01437 2 0.000918 0 0 0 0 0 0
P_01437 2 0.001105 0 0 0 0 0 0
P_01437 2 0.001323 0 0 0 0 0 0
P_01437 2 0.001826 0 0 0 0 0 0
P_01437 2 0.001614 0.000001 0 0 0 0 0
P_01437 2 0.00206 0.000001 0 0 0 0 0
P_01437 2 0.000955 0 0 0 0 0 0
P_01437 2 0.00274 0 0 0 0 0 0
P_01437 2 0.001556 0 0 0 0 0 0
P_01437 2 0.001107 0 0 0 0 0 0
P_01437 2 0.001366 0 0 0 0 0 0
P_01437 2 0.001267 0.000001 0 0 0 0 0
P_01437 2 0.001474 0 0 0 0 0 0
P_01437 2 0.001425 0 0 0 0 0 0
P_01437 2 0.001411 0 0 0 0 0 0
P_01440 2 0.00112 0 0 0 0 0 0
P_01440 2 0.001495 0 0 0 0 0 0
P_01440 2 0.001517 0 0 0 0 0 0
P_01440 2 0.002284 0 0 0 0 0 0
P_01440 2 0.001232 0 0 0 0 0 0
P_01440 2 0.001652 0 0 0 0 0 0
P_01443 4 0.001794 0 0 0 0 0 0
P_01443 4 0.001608 0 0 0 0 0 0
P_01446 4 0.001297 0 0 0 0 0 0
P_01451 4 0.001277 0 0 0 0 0 0
P_01451 4 0.001594 0 0 0 0 0 0
P_01454 4 0.001578 0 0 0 0 0 0
P_01455 5 0.000911 0 0 0 0 0 0
P_01455 5 0.001712 0 0 0 0 0 0
P_01456 5 0.004504 0.000015 0 0 0 0 0
P_01456 5 0.002676 0 0 0 0 0 0
P_01456 5 0.002471 0 0 0 0 0 0
P_01456 5 0.00129 0 0 0 0 0 0
P_01457 2 0.000915 0 0 0 0 0 0
P_01457 2 0.004771 0.000014 0 0 0 0 0
P_01457 2 0.001107 0 0 0 0 0 0
P_01457 2 0.001107 0 0 0 0 0 0
P_01457 2 0.001098 0 0 0 0 0 0
P_01457 2 0.001124 0 0 0 0 0 0
P_01458 3 0.00192 0.000002 0 0 0 0 0
P_01458 3 0.003261 0 0 0 0 0 0
P_01459 5 0.000971 0 0 0 0 0 0
P_01459 5 0.000967 0 0 0 0 0 0
P_01462 2 0.002265 0 0 0 0 0 0
P_01462 2 0.001586 0.000001 0 0 0 0 0
P_01467 4 0.001342 0 0 0 0 0 0
P_01467 4 0.001123 0 0 0 0 0 0
P_01472 4 0.004829 0.000013 0 0 0 0 0
P_01478 4 0.000901 0 0 0 0 0 0
P_01478 4 0.00131 0 0 0 0 0 0
P_01487 2 0.001058 0 0 0 0 0 0
P_01488 3 0.000982 0 0 0 0 0 0
P_01488 4 0.001201 0 0 0 0 0 0
P_01497 4 0.001918 0 0 0 0 0 0
P_01497 4 0.000915 0 0 0 0 0 0
P_01497 4 0.001239 0 0 0 0 0 0
P_01505 4 0.001007 0 0 0 0 0 0
P_01505 5 0.000985 0 0 0 0 0 0
P_01513 4 0.001617 0 0 0 0 0 0
P_01513 4 0.001267 0 0 0 0 0 0
P_01517 4 0.001284 0 0 0 0 0 0
P_01522 4 0.00174 0 0 0 0 0 0
P_01522 4 0.001111 0 0 0 0 0 0
P_01524 4 0.002571 0 0 0 0 0 0
P_01524 4 0.00163 0 0 0 0 0 0
P_01526 5 0.003404 0.000005 0 0 0 0 0
P_01526 5 0.001243 0 0 0 0 0 0
P_01537 5 0.002122 0 0 0 0 0 0
P_01545 5 0.001742 0 0 0 0 0 0
P_01545 5 0.002077 0 0 0 0 0 0
P_01548 4 0.001082 0 0 0 0 0 0
P_01548 4 0.001374 0.000001 0 0 0 0 0
P_01549 4 0.001648 0 0 0 0 0 0
P_01549 4 0.001231 0 0 0 0 0 0
P_01561 4 0.001104 0 0 0 0 0 0
P_01561 4 0.001068 0 0 0 0 0 0
P_01563 2 0.001466 0 0 0 0 0 0
P_01563 2 0.00236 0 0 0 0 0 0
P_01563 2 0.000945 0 0 0 0 0 0
P_01563 2 0.001646 0 0 0 0 0 0
P_01563 2 0.002015 0 0 0 0 0 0
P_01563 2 0.000778 0 0 0 0 0 0
P_01563 2 0.001027 0 0 0 0 0 0
P_01563 2 0.002315 0 0 0 0 0 0
P_01563 2 0.001289 0 0 0 0 0 0
P_01563 2 0.000955 0 0 0 0 0 0
P_01563 2 0.001527 0 0 0 0 0 0
P_01566 4 0.000947 0 0 0 0 0 0
P_01566 4 0.001577 0 0 0 0 0 0
P_01567 3 0.000877 0 0 0 0 0 0
P_01567 3 0.001092 0 0 0 0 0 0
P_01569 4 0.000929 0 0 0 0 0 0
P_01569 4 0.001575 0.000001 0 0 0 0 0
P_01569 4 0.001294 0 0 0 0 0 0
P_01570 4 0.001577 0 0 0 0 0 0
P_01570 4 0.001171 0 0 0 0 0 0
P_01571 4 0.00114 0 0 0 0 0 0
P_01571 4 0.0024 0 0 0 0 0 0
P_01573 4 0.001479 0 0 0 0 0 0
P_01573 4 0.001587 0 0 0 0 0 0
P_01573 4 0.000824 0 0 0 0 0 0
P_01573 4 0.001739 0 0 0 0 0 0
P_01574 4 0.001654 0 0 0 0 0 0
P_01574 4 0.001102 0 0 0 0 0 0
P_01575 4 0.00087 0 0 0 0 0 0
P_01576 4 0.00159 0 0 0 0 0 0
P_01576 4 0.002994 0.000001 0 0 0 0 0
P_01577 2 0.001888 0 0 0 0 0 0
P_01577 2 0.002538 0 0 0 0 0 0
P_01579 4 0.002435 0 0 0 0 0 0
P_01579 4 0.001207 0 0 0 0 0 0
P_01582 5 0.001009 0 0 0 0 0 0
P_01582 5 0.001258 0 0 0 0 0 0
P_01582 4 0.000894 0 0 0 0 0 0
P_01582 4 0.00241 0.000002 0 0 0 0 0
P_01585 4 0.00369 0 0 0 0 0 0
P_01585 4 0.002027 0 0 0 0 0 0
P_01596 4 0.001065 0 0 0 0 0 0
P_01596 4 0.001415 0 0 0 0 0 0
P_01605 4 0.001264 0 0 0 0 0 0
P_01605 4 0.001119 0 0 0 0 0 0
P_01609 4 0.001082 0 0 0 0 0 0
P_01609 4 0.000972 0 0 0 0 0 0
P_01610 4 0.001329 0 0 0 0 0 0
P_01616 4 0.001869 0 0 0 0 0 0
P_01616 4 0.001193 0 0 0 0 0 0
P_01625 4 0.003136 0 0 0 0 0 0
P_01625 4 0.000816 0 0 0 0 0 0
P_01626 5 0.001465 0 0 0 0 0 0
P_01626 5 0.000848 0 0 0 0 0 0
P_01628 2 0.001114 0 0 0 0 0 0
P_01628 2 0.001751 0 0 0 0 0 0
P_01628 2 0.001373 0 0 0 0 0 0
P_01628 2 0.001815 0 0 0 0 0 0
P_01628 2 0.003474 0.000007 0 0 0 0 0
P_01628 2 0.001649 0 0 0 0 0 0
P_01628 2 0.00113 0 0 0 0 0 0
P_01628 2 0.001005 0 0 0 0 0 0
P_01628 2 0.002063 0 0 0 0 0 0
P_01628 2 0.00106 0 0 0 0 0 0
P_01629 4 0.001743 0 0 0 0 0 0
P_01629 4 0.001072 0 0 0 0 0 0
P_01639 4 0.001668 0 0 0 0 0 0
P_01639 4 0.001492 0 0 0 0 0 0
P_01647 4 0.001378 0 0 0 0 0 0
P_01647 4 0.001503 0 0 0 0 0 0
P_01655 4 0.000958 0 0 0 0 0 0
P_01655 4 0.001697 0.000001 0 0 0 0 0
P_01659 4 0.001777 0 0 0 0 0 0
P_01659 4 0.00114 0 0 0 0 0 0
P_01660 3 0.001738 0 0 0 0 0 0
P_01660 3 0.002159 0 0 0 0 0 0
P_01664 2 0.001756 0 0 0 0 0 0
P_01664 2 0.001279 0 0 0 0 0 0
P_01664 2 0.001605 0 0 0 0 0 0
P_01664 2 0.001186 0 0 0 0 0 0
P_01664 2 0.001039 0 0 0 0 0 0
P_01664 2 0.00266 0 0 0 0 0 0
P_01676 4 0.001175 0 0 0 0 0 0
P_01678 4 0.001532 0 0 0 0 0 0
P_01678 4 0.001791 0 0 0 0 0 0
P_01679 4 0.002335 0 0 0 0 0 0
P_01679 4 0.001363 0 0 0 0 0 0
P_01683 5 0.000996 0 0 0 0 0 0
P_01688 4 0.001093 0 0 0 0 0 0
P_01691 2 0.001836 0 0 0 0 0 0
P_01691 2 0.001164 0 0 0 0 0 0
P_01691 2 0.001994 0 0 0 0 0 0
P_01691 2 0.002147 0 0 0 0 0 0
P_01691 2 0.001487 0 0 0 0 0 0
P_01691 2 0.001295 0 0 0 0 0 0
P_01700 2 0.001476 0.000001 0 0 0 0 0
P_01700 2 0.001217 0 0 0 0 0 0
P_01700 2 0.000884 0 0 0 0 0 0
P_01700 2 0.001217 0 0 0 0 0 0
P_01703 4 0.001844 0 0 0 0 0 0
P_01705 4 0.003073 0 0 0 0 0 0
P_01705 4 0.003754 0.000001 0 0 0 0 0
P_01709 4 0.00116 0 0 0 0 0 0
P_01709 4 0.000818 0 0 0 0 0 0
P_01718 4 0.001064 0 0 0 0 0 0
P_01721 4 0.001747 0 0 0 0 0 0
P_01723 4 0.000943 0 0 0 0 0 0
P_01723 4 0.001252 0 0 0 0 0 0
P_01724 4 0.001829 0 0 0 0 0 0
P_01724 4 0.002129 0.000001 0 0 0 0 0
P_01725 4 0.001304 0 0 0 0 0 0
P_01725 4 0.001327 0 0 0 0 0 0
P_01729 4 0.001334 0 0 0 0 0 0
P_01729 4 0.001729 0 0 0 0 0 0
P_01730 4 0.001048 0 0 0 0 0 0
P_01730 4 0.002057 0.000001 0 0 0 0 0
P_01732 4 0.001158 0 0 0 0 0 0
P_01732 4 0.001706 0 0 0 0 0 0
P_01736 4 0.002262 0 0 0 0 0 0
P_01736 4 0.001836 0 0 0 0 0 0
P_01736 4 0.001111 0 0 0 0 0 0
P_01736 4 0.001335 0 0 0 0 0 0
P_01740 2 0.001142 0 0 0 0 0 0
P_01740 2 0.001015 0 0 0 0 0 0
P_01740 2 0.002643 0 0 0 0 0 0
P_01740 2 0.00104 0 0 0 0 0 0
P_01740 2 0.001521 0 0 0 0 0 0
P_01740 2 0.00137 0 0 0 0 0 0
P_01741 4 0.0028 0 0 0 0 0 0
P_01741 4 0.001295 0 0 0 0 0 0
P_01748 4 0.002112 0 0 0 0 0 0
P_01748 4 0.00129 0 0 0 0 0 0
P_01750 5 0.001709 0 0 0 0 0 0
P_01750 5 0.000902 0 0 0 0 0 0
P_01756 4 0.001557 0 0 0 0 0 0
P_01756 4 0.001059 0 0 0 0 0 0
P_01759 4 0.001361 0 0 0 0 0 0
P_01759 4 0.001316 0 0 0 0 0 0
P_01760 2 0.003216 0 0 0 0 0 0
P_01760 2 0.001595 0 0 0 0 0 0
P_01766 4 0.002486 0 0 0 0 0 0
P_01766 4 0.001145 0 0 0 0 0 0
P_01767 4 0.002506 0.000001 0 0 0 0 0
P_01767 4 0.001017 0 0 0 0 0 0
P_01769 2 0.000928 0 0 0 0 0 0
P_01769 2 0.002473 0 0 0 0 0 0
P_01769 2 0.001165 0 0 0 0 0 0
P_01769 2 0.0012 0 0 0 0 0 0
P_01769 2 0.001295 0 0 0 0 0 0
P_01769 2 0.003194 0 0 0 0 0 0
P_01769 2 0.000951 0 0 0 0 0 0
P_01769 2 0.001366 0 0 0 0 0 0
P_01769 2 0.001906 0 0 0 0 0 0
P_01769 2 0.000948 0 0 0 0 0 0
P_01769 2 0.002596 0 0 0 0 0 0
P_01770 4 0.001127 0 0 0 0 0 0
P_01777 4 0.001335 0 0 0 0 0 0
P_01777 4 0.001099 0 0 0 0 0 0
P_01777 4 0.001232 0 0 0 0 0 0
P_01777 4 0.001558 0 0 0 0 0 0
P_01783 4 0.001232 0 0 0 0 0 0
P_01784 2 0.001143 0 0 0 0 0 0
P_01784 2 0.001351 0 0 0 0 0 0
P_01786 5 0.001482 0 0 0 0 0 0
P_01786 5 0.000866 0 0 0 0 0 0
P_01791 4 0.001133 0 0 0 0 0 0
P_01791 4 0.001959 0 0 0 0 0 0
P_01792 4 0.000934 0 0 0 0 0 0
P_01792 4 0.00115 0 0 0 0 0 0
P_01793 4 0.002056 0.000001 0 0 0 0 0
P_01793 4 0.001107 0 0 0 0 0 0
P_01809 4 0.001731 0 0 0 0 0 0
P_01810 4 0.000946 0 0 0 0 0 0
P_01810 4 0.002177 0 0 0 0 0 0
P_01818 4 0.001159 0 0 0 0 0 0
P_01818 4 0.001168 0 0 0 0 0 0
P_01819 4 0.001563 0 0 0 0 0 0
P_01819 2 0.001115 0 0 0 0 0 0
P_01819 4 0.00206 0 0 0 0 0 0
P_01819 2 0.001077 0 0 0 0 0 0
P_01823 2 0.001933 0 0 0 0 0 0
P_01823 2 0.00084 0 0 0 0 0 0
P_01823 2 0.00219 0 0 0 0 0 0
P_01823 2 0.001197 0 0 0 0 0 0
P_01823 2 0.001389 0 0 0 0 0 0
P_01823 2 0.001741 0 0 0 0 0 0
P_01823 2 0.002211 0 0 0 0 0 0
P_01823 2 0.002222 0 0 0 0 0 0
P_01830 2 0.001461 0 0 0 0 0 0
P_01830 2 0.00175 0 0 0 0 0 0
P_01830 2 0.000994 0 0 0 0 0 0
P_01830 2 0.002264 0 0 0 0 0 0
P_01830 2 0.00105 0 0 0 0 0 0
P_01830 2 0.000991 0 0 0 0 0 0
P_01830 2 0.000863 0 0 0 0 0 0
P_01830 2 0.001129 0 0 0 0 0 0
P_01832 4 0.001391 0.000001 0 0 0 0 0
P_01832 4 0.001671 0 0 0 0 0 0
P_01838 2 0.00231 0 0 0 0 0 0
P_01838 2 0.000869 0 0 0 0 0 0
P_01838 2 0.001438 0 0 0 0 0 0
P_01838 2 0.001466 0 0 0 0 0 0
P_01838 2 0.001993 0.000001 0 0 0 0 0
P_01838 2 0.00123 0 0 0 0 0 0
P_01838 2 0.001492 0.000001 0 0 0 0 0
P_01838 2 0.000973 0 0 0 0 0 0
P_01838 2 0.001342 0 0 0 0 0 0
P_01838 2 0.001233 0 0 0 0 0 0
P_01838 2 0.001865 0.000001 0 0 0 0 0
P_01838 2 0.00127 0 0 0 0 0 0
P_01838 2 0.002267 0 0 0 0 0 0
P_01838 2 0.001436 0 0 0 0 0 0
P_01838 2 0.001863 0 0 0 0 0 0
P_01838 2 0.002464 0 0 0 0 0 0
P_01838 2 0.001204 0 0 0 0 0 0
P_01839 4 0.002932 0.000001 0 0 0 0 0
P_01839 4 0.00184 0 0 0 0 0 0
P_01840 4 0.000906 0 0 0 0 0 0
P_01846 5 0.002194 0.000002 0 0 0 0 0
P_01846 5 0.001501 0 0 0 0 0 0
P_01847 4 0.000936 0 0 0 0 0 0
P_01847 4 0.001927 0 0 0 0 0 0
P_01856 4 0.001039 0 0 0 0 0 0
P_01856 4 0.001699 0 0 0 0 0 0
P_01858 4 0.001603 0 0 0 0 0 0
P_01858 4 0.002261 0 0 0 0 0 0
P_01864 2 0.000894 0 0 0 0 0 0
P_01864 2 0.000944 0 0 0 0 0 0
P_01864 2 0.001828 0 0 0 0 0 0
P_01864 2 0.001164 0 0 0 0 0 0
P_01864 2 0.001971 0 0 0 0 0 0
P_01864 2 0.001486 0 0 0 0 0 0
P_01864 2 0.001228 0 0 0 0 0 0
P_01864 2 0.001261 0.000001 0 0 0 0 0
P_01864 2 0.001416 0 0 0 0 0 0
P_01864 2 0.001142 0 0 0 0 0 0
P_01864 2 0.001902 0 0 0 0 0 0
P_01864 2 0.002539 0 0 0 0 0 0
P_01864 2 0.001205 0 0 0 0 0 0
P_01875 2 0.001511 0 0 0 0 0 0
P_01875 2 0.001938 0 0 0 0 0 0
P_01875 2 0.001071 0 0 0 0 0 0
P_01875 2 0.001774 0.000001 0 0 0 0 0
P_01875 2 0.001745 0.000001 0 0 0 0 0
P_01884 3 0.001603 0 0 0 0 0 0
P_01884 3 0.001094 0 0 0 0 0 0
P_01885 2 0.001549 0 0 0 0 0 0
P_01885 2 0.001411 0 0 0 0 0 0
P_01885 2 0.001529 0 0 0 0 0 0
P_01885 2 0.001297 0 0 0 0 0 0
P_02105 5 0.001266 0 0 0 0 0 0
P_02105 5 0.001861 0.000001 0 0 0 0 0
P_02115 0 0.002351 0 0 0 0 0 0
P_02115 0 0.001056 0 0 0 0 0 0
P_02133 3 0.00146 0 0 0 0 0 0
P_02133 3 0.00133 0 0 0 0 0 0
P_02154 0 0.00103 0 0 0 0 0 0
P_02154 0 0.001021 0 0 0 0 0 0
P_02190 3 0.001319 0 0 0 0 0 0
P_02190 3 0.001824 0 0 0 0 0 0
P_02195 3 0.002645 0.000001 0 0 0 0 0
P_02195 0 0.001386 0 0 0 0 0 0
P_02218 3 0.001639 0.000001 0 0 0 0 0
P_02218 3 0.001149 0 0 0 0 0 0
P_02220 0 0.001049 0 0 0 0 0 0
P_02220 0 0.00085 0 0 0 0 0 0
P_02226 5 0.001092 0 0 0 0 0 0
P_02226 5 0.001419 0 0 0 0 0 0
P_02232 3 0.001557 0 0 0 0 0 0
P_02232 3 0.001467 0 0 0 0 0 0
P_02234 0 0.001061 0 0 0 0 0 0
P_02234 0 0.001424 0 0 0 0 0 0
P_02259 0 0.00217 0 0 0 0 0 0
P_02259 0 0.001081 0 0 0 0 0 0
P_02270 0 0.001026 0 0 0 0 0 0
P_02270 0 0.001321 0 0 0 0 0 0
P_02285 0 0.000885 0 0 0 0 0 0
P_02285 0 0.002715 0 0 0 0 0 0
P_02313 0 0.001352 0 0 0 0 0 0
P_02313 0 0.001246 0 0 0 0 0 0
P_02316 0 0.001061 0 0 0 0 0 0
P_02316 0 0.001562 0.000001 0 0 0 0 0
P_02318 0 0.001506 0 0 0 0 0 0
P_02318 0 0.002182 0.000003 0 0 0 0 0
P_02323 0 0.001268 0 0 0 0 0 0
P_02323 0 0.001851 0.000001 0 0 0 0 0
P_02348 0 0.00206 0 0 0 0 0 0
P_02348 0 0.002118 0 0 0 0 0 0
P_02368 0 0.000913 0 0 0 0 0 0
P_02368 0 0.003219 0 0 0 0 0 0
P_02380 3 0.001825 0 0 0 0 0 0
P_02380 3 0.001068 0 0 0 0 0 0
P_02393 3 0.002769 0 0 0 0 0 0
P_02393 3 0.001019 0 0 0 0 0 0
P_02400 3 0.001337 0 0 0 0 0 0
P_02400 3 0.001349 0 0 0 0 0 0
P_02402 3 0.001205 0 0 0 0 0 0
P_02402 3 0.001267 0 0 0 0 0 0
P_02405 0 0.000876 0 0 0 0 0 0
P_02405 0 0.001586 0 0 0 0 0 0
P_02409 0 0.001378 0 0 0 0 0 0
P_02409 0 0.002087 0.000001 0 0 0 0 0
P_02419 0 0.001852 0.000002 0 0 0 0 0
P_02419 0 0.001367 0 0 0 0 0 0
P_02424 4 0.001302 0 0 0 0 0 0
P_02424 4 0.00112 0 0 0 0 0 0
P_02434 0 0.002333 0.000001 0 0 0 0 0
P_02434 0 0.001414 0 0 0 0 0 0
P_02437 5 0.001119 0 0 0 0 0 0
P_02437 5 0.001298 0 0 0 0 0 0
P_02442 5 0.001355 0 0 0 0 0 0
P_02442 5 0.001032 0 0 0 0 0 0
P_02456 3 0.001237 0 0 0 0 0 0
P_02459 3 0.002422 0.000001 0 0 0 0 0
P_02459 3 0.001243 0 0 0 0 0 0
P_02460 5 0.002287 0 0 0 0 0 0
P_02460 5 0.000981 0 0 0 0 0 0
P_02468 0 0.002255 0 0 0 0 0 0
P_02468 0 0.001847 0 0 0 0 0 0
P_02475 0 0.001566 0 0 0 0 0 0
P_02475 0 0.001101 0 0 0 0 0 0
P_02489 0 0.00088 0 0 0 0 0 0
P_02489 0 0.004692 0.00001 0 0 0 0 0
P_02508 4 0.001237 0 0 0 0 0 0
P_02508 4 0.001111 0 0 0 0 0 0
P_02518 5 0.00087 0 0 0 0 0 0
P_02518 5 0.00284 0 0 0 0 0 0
P_02522 0 0.000905 0 0 0 0 0 0
P_02522 0 0.001588 0 0 0 0 0 0
P_02559 3 0.001147 0 0 0 0 0 0
P_02559 3 0.001174 0 0 0 0 0 0
P_02563 0 0.001648 0 0 0 0 0 0
P_02563 0 0.001287 0.000001 0 0 0 0 0
P_02566 5 0.001348 0 0 0 0 0 0
P_02566 5 0.000852 0 0 0 0 0 0
P_02572 0 0.001198 0 0 0 0 0 0
P_02572 0 0.001241 0 0 0 0 0 0
P_02584 0 0.000956 0 0 0 0 0 0
P_02584 0 0.001038 0 0 0 0 0 0
